ncols         109
nrows         106
xllcorner     551522.79121747
yllcorner     8200336.4294641
cellsize      100
NODATA_value  -9999
-9999 -9999 -9999 -9999 -9999 -9999 -9999 -9999 -9999 -9999 -9999 -9999 -9999 -9999 -9999 -9999 -9999 -9999 -9999 -9999 -9999 -9999 -9999 -9999 -9999 -9999 -9999 -9999 -9999 -9999 -9999 -9999 -9999 -9999 -9999 -9999 -9999 -9999 -9999 -9999 -9999 -9999 -9999 -9999 -9999 -9999 -9999 -9999 -9999 -9999 -9999 -9999 -9999 -9999 500 -9999 -9999 -9999 -9999 -9999 -9999 -9999 -9999 -9999 -9999 -9999 -9999 -9999 -9999 -9999 -9999 -9999 -9999 -9999 -9999 -9999 -9999 -9999 -9999 -9999 -9999 -9999 -9999 -9999 -9999 -9999 -9999 -9999 -9999 -9999 -9999 -9999 -9999 -9999 -9999 -9999 -9999 -9999 -9999 -9999 -9999 -9999 -9999 -9999 -9999 -9999 -9999 -9999 -9999 
-9999 -9999 -9999 -9999 -9999 -9999 -9999 -9999 -9999 -9999 -9999 -9999 -9999 -9999 -9999 -9999 -9999 -9999 -9999 -9999 -9999 -9999 -9999 -9999 -9999 -9999 -9999 -9999 -9999 -9999 -9999 -9999 -9999 -9999 -9999 -9999 -9999 -9999 -9999 -9999 -9999 -9999 -9999 -9999 -9999 -9999 -9999 -9999 -9999 -9999 -9999 -9999 -9999 400 500 600 700 -9999 -9999 -9999 -9999 -9999 -9999 -9999 -9999 -9999 -9999 -9999 -9999 -9999 -9999 -9999 -9999 -9999 -9999 -9999 -9999 -9999 -9999 -9999 -9999 -9999 -9999 -9999 -9999 -9999 -9999 -9999 -9999 -9999 -9999 -9999 -9999 -9999 -9999 -9999 -9999 -9999 -9999 -9999 -9999 -9999 -9999 -9999 -9999 -9999 -9999 -9999 -9999 
-9999 -9999 -9999 -9999 -9999 -9999 -9999 -9999 -9999 -9999 -9999 -9999 -9999 -9999 -9999 -9999 -9999 -9999 -9999 -9999 -9999 -9999 -9999 -9999 -9999 -9999 -9999 -9999 -9999 -9999 -9999 -9999 -9999 -9999 -9999 -9999 -9999 -9999 -9999 -9999 -9999 -9999 -9999 -9999 -9999 -9999 -9999 -9999 -9999 -9999 -9999 -9999 -9999 412.3106 509.9019 608.2762 707.1068 806.2258 905.5385 -9999 -9999 -9999 -9999 -9999 -9999 -9999 -9999 -9999 -9999 -9999 -9999 -9999 -9999 -9999 -9999 -9999 -9999 -9999 -9999 -9999 -9999 -9999 -9999 -9999 -9999 -9999 -9999 -9999 -9999 -9999 -9999 -9999 -9999 -9999 -9999 -9999 -9999 -9999 -9999 -9999 -9999 -9999 -9999 -9999 -9999 -9999 -9999 -9999 -9999 
-9999 -9999 -9999 -9999 -9999 -9999 -9999 -9999 -9999 -9999 -9999 -9999 -9999 -9999 -9999 -9999 -9999 -9999 -9999 -9999 -9999 -9999 -9999 -9999 -9999 -9999 -9999 -9999 -9999 -9999 -9999 -9999 -9999 -9999 -9999 -9999 -9999 -9999 -9999 -9999 -9999 -9999 -9999 -9999 -9999 -9999 -9999 -9999 -9999 -9999 -9999 -9999 360.5551 447.2136 538.5165 632.4555 728.011 824.6212 921.9545 1019.804 1118.034 -9999 -9999 -9999 -9999 -9999 -9999 -9999 -9999 -9999 -9999 -9999 -9999 -9999 -9999 -9999 -9999 -9999 -9999 -9999 -9999 -9999 -9999 -9999 -9999 -9999 -9999 -9999 -9999 -9999 -9999 -9999 -9999 -9999 -9999 -9999 -9999 -9999 -9999 -9999 -9999 -9999 -9999 -9999 -9999 -9999 -9999 -9999 -9999 
-9999 -9999 -9999 -9999 -9999 -9999 -9999 -9999 -9999 -9999 -9999 -9999 -9999 -9999 -9999 -9999 -9999 -9999 -9999 -9999 -9999 -9999 -9999 -9999 -9999 -9999 -9999 -9999 -9999 -9999 -9999 -9999 -9999 -9999 -9999 -9999 -9999 -9999 -9999 -9999 -9999 -9999 -9999 -9999 -9999 -9999 -9999 -9999 -9999 -9999 -9999 316.2278 412.3106 500 583.0952 670.8204 761.5773 854.4004 948.6833 1044.031 1140.175 1236.932 1334.166 -9999 -9999 -9999 -9999 -9999 -9999 -9999 -9999 -9999 -9999 -9999 -9999 -9999 -9999 -9999 -9999 -9999 -9999 -9999 -9999 -9999 -9999 -9999 -9999 -9999 -9999 -9999 -9999 -9999 -9999 -9999 -9999 -9999 -9999 -9999 -9999 -9999 -9999 -9999 -9999 -9999 -9999 -9999 -9999 -9999 -9999 
-9999 -9999 -9999 -9999 -9999 -9999 -9999 -9999 -9999 -9999 -9999 -9999 -9999 -9999 -9999 -9999 -9999 -9999 -9999 -9999 -9999 -9999 -9999 -9999 -9999 -9999 -9999 -9999 -9999 -9999 -9999 -9999 -9999 -9999 -9999 -9999 -9999 -9999 -9999 -9999 -9999 -9999 -9999 -9999 -9999 -9999 -9999 -9999 -9999 -9999 -9999 360.5551 447.2136 538.5165 632.4555 721.1102 806.2258 894.4272 984.8858 1077.033 1170.47 1264.911 1360.147 1456.022 1552.417 -9999 -9999 -9999 -9999 -9999 -9999 -9999 -9999 -9999 -9999 -9999 -9999 -9999 -9999 -9999 -9999 -9999 -9999 -9999 -9999 -9999 -9999 -9999 -9999 -9999 -9999 -9999 -9999 -9999 -9999 -9999 -9999 -9999 -9999 -9999 -9999 -9999 -9999 -9999 -9999 -9999 -9999 -9999 -9999 
-9999 -9999 -9999 -9999 -9999 -9999 -9999 -9999 -9999 -9999 -9999 -9999 -9999 -9999 -9999 -9999 -9999 -9999 -9999 -9999 -9999 -9999 -9999 -9999 -9999 -9999 -9999 -9999 -9999 -9999 -9999 -9999 -9999 -9999 -9999 -9999 -9999 -9999 -9999 -9999 -9999 -9999 -9999 -9999 -9999 -9999 -9999 -9999 -9999 -9999 316.2278 412.3106 500 583.0952 670.8204 761.5773 854.4004 943.3981 1029.563 1118.034 1208.305 1300 1392.839 1486.607 1581.139 1676.305 1772.005 1868.154 -9999 -9999 -9999 -9999 -9999 -9999 -9999 -9999 -9999 -9999 -9999 -9999 -9999 -9999 -9999 -9999 -9999 -9999 -9999 -9999 -9999 -9999 -9999 -9999 -9999 -9999 -9999 -9999 -9999 -9999 -9999 -9999 -9999 -9999 -9999 -9999 -9999 -9999 -9999 -9999 -9999 
-9999 -9999 -9999 -9999 -9999 -9999 -9999 -9999 -9999 -9999 -9999 -9999 -9999 -9999 -9999 -9999 -9999 -9999 -9999 -9999 -9999 -9999 -9999 -9999 -9999 -9999 -9999 -9999 -9999 -9999 -9999 -9999 -9999 -9999 -9999 -9999 -9999 -9999 -9999 -9999 -9999 -9999 -9999 -9999 -9999 -9999 -9999 -9999 -9999 282.8427 360.5551 447.2136 538.5165 632.4555 721.1102 806.2258 894.4272 984.8858 1077.033 1166.19 1252.996 1341.641 1431.782 1523.155 1615.549 1708.801 1802.776 1897.367 1992.486 2088.061 -9999 -9999 -9999 -9999 -9999 -9999 -9999 -9999 -9999 -9999 -9999 -9999 -9999 -9999 -9999 -9999 -9999 -9999 -9999 -9999 -9999 -9999 -9999 -9999 -9999 -9999 -9999 -9999 -9999 -9999 -9999 -9999 -9999 -9999 -9999 -9999 -9999 -9999 -9999 
-9999 -9999 -9999 -9999 -9999 -9999 -9999 -9999 -9999 -9999 -9999 -9999 -9999 -9999 -9999 -9999 -9999 -9999 -9999 -9999 -9999 -9999 -9999 -9999 -9999 -9999 -9999 -9999 -9999 -9999 -9999 -9999 -9999 -9999 -9999 -9999 -9999 -9999 -9999 -9999 -9999 -9999 -9999 -9999 -9999 -9999 -9999 -9999 -9999 360.5551 424.2641 500 583.0952 670.8204 761.5773 854.4004 943.3981 1029.563 1118.034 1208.305 1300 1389.244 1476.482 1565.248 1655.295 1746.425 1838.478 1931.321 2024.846 2118.962 2213.594 2308.679 -9999 -9999 -9999 -9999 -9999 -9999 -9999 -9999 -9999 -9999 -9999 -9999 -9999 -9999 -9999 -9999 -9999 -9999 -9999 -9999 -9999 -9999 -9999 -9999 -9999 -9999 -9999 -9999 -9999 -9999 -9999 -9999 -9999 -9999 -9999 -9999 -9999 
-9999 -9999 -9999 -9999 -9999 -9999 -9999 -9999 -9999 -9999 -9999 -9999 -9999 -9999 -9999 -9999 -9999 -9999 -9999 -9999 -9999 -9999 -9999 -9999 -9999 -9999 -9999 -9999 -9999 -9999 -9999 -9999 -9999 -9999 -9999 -9999 -9999 -9999 -9999 -9999 -9999 -9999 -9999 -9999 -9999 -9999 -9999 -9999 316.2278 412.3106 500 565.6854 640.3124 721.1102 806.2258 894.4272 984.8858 1077.033 1166.19 1252.996 1341.641 1431.782 1523.155 1612.452 1700 1788.854 1878.829 1969.772 2061.553 2154.066 2247.22 2340.94 2435.159 2529.822 -9999 -9999 -9999 -9999 -9999 -9999 -9999 -9999 -9999 -9999 -9999 -9999 -9999 -9999 -9999 -9999 -9999 -9999 -9999 -9999 -9999 -9999 -9999 -9999 -9999 -9999 -9999 -9999 -9999 -9999 -9999 -9999 -9999 -9999 -9999 
-9999 -9999 -9999 -9999 -9999 -9999 -9999 -9999 -9999 -9999 -9999 -9999 -9999 -9999 -9999 -9999 -9999 -9999 -9999 -9999 -9999 -9999 -9999 -9999 -9999 -9999 -9999 -9999 -9999 -9999 -9999 -9999 -9999 -9999 -9999 -9999 -9999 -9999 -9999 -9999 -9999 -9999 -9999 -9999 -9999 -9999 -9999 282.8427 360.5551 447.2136 538.5165 632.4555 707.1068 781.025 860.2325 943.3981 1029.563 1118.034 1208.305 1300 1389.244 1476.482 1565.248 1655.295 1746.425 1835.756 1923.538 2012.461 2102.38 2193.171 2284.732 2376.973 2469.818 2563.201 2657.066 2751.363 -9999 -9999 -9999 -9999 -9999 -9999 -9999 -9999 -9999 -9999 -9999 -9999 -9999 -9999 -9999 -9999 -9999 -9999 -9999 -9999 -9999 -9999 -9999 -9999 -9999 -9999 -9999 -9999 -9999 -9999 -9999 -9999 -9999 
-9999 -9999 -9999 -9999 -9999 -9999 -9999 -9999 -9999 -9999 -9999 -9999 -9999 -9999 -9999 -9999 -9999 -9999 -9999 -9999 -9999 -9999 -9999 -9999 -9999 -9999 -9999 -9999 -9999 -9999 -9999 -9999 -9999 -9999 -9999 -9999 -9999 -9999 -9999 -9999 -9999 -9999 -9999 -9999 -9999 -9999 -9999 360.5551 424.2641 500 583.0952 670.8204 761.5773 848.5281 921.9545 1000 1081.665 1166.19 1252.996 1341.641 1431.782 1523.155 1612.452 1700 1788.854 1878.829 1969.772 2059.126 2147.091 2236.068 2325.941 2416.609 2507.987 2600 2692.583 2785.678 2879.236 2973.214 -9999 -9999 -9999 -9999 -9999 -9999 -9999 -9999 -9999 -9999 -9999 -9999 -9999 -9999 -9999 -9999 -9999 -9999 -9999 -9999 -9999 -9999 -9999 -9999 -9999 -9999 -9999 -9999 -9999 -9999 -9999 
-9999 -9999 -9999 -9999 -9999 -9999 -9999 -9999 -9999 -9999 -9999 -9999 -9999 -9999 -9999 -9999 -9999 -9999 -9999 -9999 -9999 -9999 -9999 -9999 -9999 -9999 -9999 -9999 -9999 -9999 -9999 -9999 -9999 -9999 -9999 -9999 -9999 -9999 -9999 -9999 -9999 -9999 -9999 -9999 -9999 -9999 316.2278 412.3106 500 565.6854 640.3124 721.1102 806.2258 894.4272 984.8858 1063.015 1140.175 1220.656 1303.84 1389.244 1476.482 1565.248 1655.295 1746.425 1835.756 1923.538 2012.461 2102.38 2193.171 2282.542 2370.654 2459.675 2549.51 2640.076 2731.3 2823.119 2915.476 3008.322 3101.613 3195.309 -9999 -9999 -9999 -9999 -9999 -9999 -9999 -9999 -9999 -9999 -9999 -9999 -9999 -9999 -9999 -9999 -9999 -9999 -9999 -9999 -9999 -9999 -9999 -9999 -9999 -9999 -9999 -9999 -9999 
-9999 -9999 -9999 -9999 -9999 -9999 -9999 -9999 -9999 -9999 -9999 -9999 -9999 -9999 -9999 -9999 -9999 -9999 -9999 -9999 -9999 -9999 -9999 -9999 -9999 -9999 -9999 -9999 -9999 -9999 -9999 -9999 -9999 -9999 -9999 -9999 -9999 -9999 -9999 -9999 -9999 -9999 -9999 -9999 -9999 282.8427 360.5551 447.2136 538.5165 632.4555 707.1068 781.025 860.2325 943.3981 1029.563 1118.034 1204.159 1280.625 1360.147 1442.22 1526.434 1612.452 1700 1788.854 1878.829 1969.772 2059.126 2147.091 2236.068 2325.941 2416.609 2505.993 2594.224 2683.281 2773.085 2863.564 2954.657 3046.309 3138.471 3231.099 3324.154 3417.602 -9999 -9999 -9999 -9999 -9999 -9999 -9999 -9999 -9999 -9999 -9999 -9999 -9999 -9999 -9999 -9999 -9999 -9999 -9999 -9999 -9999 -9999 -9999 -9999 -9999 -9999 -9999 
-9999 -9999 -9999 -9999 -9999 -9999 -9999 -9999 -9999 -9999 -9999 -9999 -9999 -9999 -9999 -9999 -9999 -9999 -9999 -9999 -9999 -9999 -9999 -9999 -9999 -9999 -9999 -9999 -9999 -9999 -9999 -9999 -9999 -9999 -9999 -9999 -9999 -9999 -9999 -9999 -9999 -9999 -9999 -9999 -9999 360.5551 424.2641 500 583.0952 670.8204 761.5773 848.5281 921.9545 1000 1081.665 1166.19 1252.996 1341.641 1421.267 1500 1581.139 1664.332 1749.286 1835.756 1923.538 2012.461 2102.38 2193.171 2282.542 2370.654 2459.675 2549.51 2640.076 2729.469 2817.801 2906.888 2996.665 3087.07 3178.05 3269.557 3361.547 3453.983 3546.83 3640.055 -9999 -9999 -9999 -9999 -9999 -9999 -9999 -9999 -9999 -9999 -9999 -9999 -9999 -9999 -9999 -9999 -9999 -9999 -9999 -9999 -9999 -9999 -9999 -9999 -9999 
-9999 -9999 -9999 -9999 -9999 -9999 -9999 -9999 -9999 -9999 -9999 -9999 -9999 -9999 -9999 -9999 -9999 -9999 -9999 -9999 -9999 -9999 -9999 -9999 -9999 -9999 -9999 -9999 -9999 -9999 -9999 -9999 -9999 -9999 -9999 -9999 -9999 -9999 -9999 -9999 -9999 -9999 -9999 -9999 316.2278 412.3106 500 565.6854 640.3124 721.1102 806.2258 894.4272 984.8858 1063.015 1140.175 1220.656 1303.84 1389.244 1476.482 1562.05 1640.122 1720.465 1802.776 1886.796 1972.308 2059.126 2147.091 2236.068 2325.941 2416.609 2505.993 2594.224 2683.281 2773.085 2863.564 2952.965 3041.381 3130.495 3220.249 3310.589 3401.47 3492.85 3584.69 3676.955 3769.615 3862.642 -9999 -9999 -9999 -9999 -9999 -9999 -9999 -9999 -9999 -9999 -9999 -9999 -9999 -9999 -9999 -9999 -9999 -9999 -9999 -9999 -9999 -9999 -9999 
-9999 -9999 -9999 -9999 -9999 -9999 -9999 -9999 -9999 -9999 -9999 -9999 -9999 -9999 -9999 -9999 -9999 -9999 -9999 -9999 -9999 -9999 -9999 -9999 -9999 -9999 -9999 -9999 -9999 -9999 -9999 -9999 -9999 -9999 -9999 -9999 -9999 -9999 -9999 -9999 -9999 -9999 -9999 282.8427 360.5551 447.2136 538.5165 632.4555 707.1068 781.025 860.2325 943.3981 1029.563 1118.034 1204.159 1280.625 1360.147 1442.22 1526.434 1612.452 1700 1780.449 1860.108 1941.649 2024.846 2109.502 2195.45 2282.542 2370.654 2459.675 2549.51 2640.076 2729.469 2817.801 2906.888 2996.665 3087.07 3176.476 3264.966 3354.102 3443.835 3534.119 3624.914 3716.181 3807.886 3900 3992.493 4085.34 -9999 -9999 -9999 -9999 -9999 -9999 -9999 -9999 -9999 -9999 -9999 -9999 -9999 -9999 -9999 -9999 -9999 -9999 -9999 -9999 -9999 
-9999 -9999 -9999 -9999 -9999 -9999 -9999 -9999 -9999 -9999 -9999 -9999 -9999 -9999 -9999 -9999 -9999 -9999 -9999 -9999 -9999 -9999 -9999 -9999 -9999 -9999 -9999 -9999 -9999 -9999 -9999 -9999 -9999 -9999 -9999 -9999 -9999 -9999 -9999 -9999 -9999 -9999 -9999 360.5551 424.2641 500 583.0952 670.8204 761.5773 848.5281 921.9545 1000 1081.665 1166.19 1252.996 1341.641 1421.267 1500 1581.139 1664.332 1749.286 1835.756 1920.937 2000 2080.865 2163.331 2247.22 2332.381 2418.677 2505.993 2594.224 2683.281 2773.085 2863.564 2952.965 3041.381 3130.495 3220.249 3310.589 3400 3488.553 3577.709 3667.424 3757.659 3848.376 3939.543 4031.129 4123.105 4215.448 4308.132 4401.136 -9999 -9999 -9999 -9999 -9999 -9999 -9999 -9999 -9999 -9999 -9999 -9999 -9999 -9999 -9999 -9999 -9999 -9999 
-9999 -9999 -9999 -9999 -9999 -9999 -9999 -9999 -9999 -9999 -9999 -9999 -9999 -9999 -9999 -9999 -9999 -9999 -9999 -9999 -9999 -9999 -9999 -9999 -9999 -9999 -9999 -9999 -9999 -9999 -9999 -9999 -9999 -9999 -9999 -9999 -9999 -9999 -9999 -9999 -9999 -9999 316.2278 412.3106 500 565.6854 640.3124 721.1102 806.2258 894.4272 984.8858 1063.015 1140.175 1220.656 1303.84 1389.244 1476.482 1562.05 1640.122 1720.465 1802.776 1886.796 1972.308 2059.126 2140.094 2220.36 2302.173 2385.372 2469.818 2555.386 2641.969 2729.469 2817.801 2906.888 2996.665 3087.07 3176.476 3264.966 3354.102 3443.835 3534.119 3623.534 3712.142 3801.316 3891.015 3981.206 4071.855 4162.932 4254.41 4346.263 4438.468 4531.004 4623.851 -9999 -9999 -9999 -9999 -9999 -9999 -9999 -9999 -9999 -9999 -9999 -9999 -9999 -9999 -9999 -9999 
-9999 -9999 -9999 -9999 -9999 -9999 -9999 -9999 -9999 -9999 -9999 -9999 -9999 -9999 -9999 -9999 -9999 -9999 -9999 -9999 -9999 -9999 -9999 -9999 -9999 -9999 -9999 -9999 -9999 -9999 -9999 -9999 -9999 -9999 -9999 -9999 -9999 -9999 -9999 -9999 -9999 282.8427 360.5551 447.2136 538.5165 632.4555 707.1068 781.025 860.2325 943.3981 1029.563 1118.034 1204.159 1280.625 1360.147 1442.22 1526.434 1612.452 1700 1780.449 1860.108 1941.649 2024.846 2109.502 2195.45 2280.351 2360.085 2441.311 2523.886 2607.681 2692.583 2778.489 2865.31 2952.965 3041.381 3130.495 3220.249 3310.589 3400 3488.553 3577.709 3667.424 3757.659 3847.077 3935.734 4024.922 4114.608 4204.759 4295.346 4386.342 4477.723 4569.464 4661.545 4753.946 4846.648 -9999 -9999 -9999 -9999 -9999 -9999 -9999 -9999 -9999 -9999 -9999 -9999 -9999 -9999 
-9999 -9999 -9999 -9999 -9999 -9999 -9999 -9999 -9999 -9999 -9999 -9999 -9999 -9999 -9999 -9999 -9999 -9999 -9999 -9999 -9999 -9999 -9999 -9999 -9999 -9999 -9999 -9999 -9999 -9999 -9999 -9999 -9999 -9999 -9999 -9999 -9999 -9999 -9999 -9999 -9999 316.2278 412.3106 500 583.0952 670.8204 761.5773 848.5281 921.9545 1000 1081.665 1166.19 1252.996 1341.641 1421.267 1500 1581.139 1664.332 1749.286 1835.756 1920.937 2000 2080.865 2163.331 2247.22 2332.381 2418.677 2500 2580.698 2662.705 2745.906 2830.194 2915.476 3001.666 3088.689 3176.476 3264.966 3354.102 3443.835 3534.119 3623.534 3712.142 3801.316 3891.015 3981.206 4070.626 4159.327 4248.529 4338.203 4428.318 4518.85 4609.772 4701.063 4792.703 4884.67 4976.947 5069.517 -9999 -9999 -9999 -9999 -9999 -9999 -9999 -9999 -9999 -9999 -9999 -9999 
-9999 -9999 -9999 -9999 -9999 -9999 -9999 -9999 -9999 -9999 -9999 -9999 -9999 -9999 -9999 -9999 -9999 -9999 -9999 -9999 -9999 -9999 -9999 -9999 -9999 -9999 -9999 -9999 -9999 -9999 -9999 -9999 -9999 -9999 -9999 -9999 -9999 -9999 -9999 -9999 282.8427 360.5551 447.2136 538.5165 632.4555 721.1102 806.2258 894.4272 984.8858 1063.015 1140.175 1220.656 1303.84 1389.244 1476.482 1562.05 1640.122 1720.465 1802.776 1886.796 1972.308 2059.126 2140.094 2220.36 2302.173 2385.372 2469.818 2555.386 2640.076 2720.294 2801.785 2884.441 2968.164 3052.867 3138.471 3224.903 3312.099 3400 3488.553 3577.709 3667.424 3757.659 3847.077 3935.734 4024.922 4114.608 4204.759 4294.182 4382.921 4472.136 4561.798 4651.881 4742.362 4833.218 4924.429 5015.975 5107.837 5200 5292.447 -9999 -9999 -9999 -9999 -9999 -9999 -9999 -9999 -9999 -9999 
-9999 -9999 -9999 -9999 -9999 -9999 -9999 -9999 -9999 -9999 -9999 -9999 -9999 -9999 -9999 -9999 -9999 -9999 -9999 -9999 -9999 -9999 -9999 -9999 -9999 -9999 -9999 -9999 -9999 -9999 -9999 -9999 -9999 -9999 -9999 -9999 -9999 -9999 -9999 282.8427 360.5551 424.2641 500 583.0952 670.8204 761.5773 854.4004 943.3981 1029.563 1118.034 1204.159 1280.625 1360.147 1442.22 1526.434 1612.452 1700 1780.449 1860.108 1941.649 2024.846 2109.502 2195.45 2280.351 2360.085 2441.311 2523.886 2607.681 2692.583 2778.489 2860.07 2941.088 3023.243 3106.445 3190.611 3275.668 3361.547 3448.188 3535.534 3623.534 3712.142 3801.316 3891.015 3981.206 4070.626 4159.327 4248.529 4338.203 4428.318 4517.743 4606.517 4695.743 4785.395 4875.449 4965.884 5056.679 5147.815 5239.275 5331.041 5423.099 5515.433 -9999 -9999 -9999 -9999 -9999 -9999 -9999 -9999 
-9999 -9999 -9999 -9999 -9999 -9999 -9999 -9999 -9999 -9999 -9999 -9999 -9999 -9999 -9999 -9999 -9999 -9999 -9999 -9999 -9999 -9999 -9999 -9999 -9999 -9999 -9999 -9999 -9999 -9999 -9999 -9999 -9999 -9999 -9999 -9999 -9999 -9999 -9999 316.2278 412.3106 500 565.6854 640.3124 721.1102 806.2258 894.4272 984.8858 1077.033 1166.19 1252.996 1341.641 1421.267 1500 1581.139 1664.332 1749.286 1835.756 1920.937 2000 2080.865 2163.331 2247.22 2332.381 2418.677 2500 2580.698 2662.705 2745.906 2830.194 2915.476 3000 3080.584 3162.278 3244.996 3328.663 3413.21 3498.571 3584.69 3671.512 3758.989 3847.077 3935.734 4024.922 4114.608 4204.759 4294.182 4382.921 4472.136 4561.798 4651.881 4741.308 4830.114 4919.35 5008.992 5099.02 5189.412 5280.151 5371.22 5462.6 5554.278 5646.238 5738.467 -9999 -9999 -9999 -9999 -9999 -9999 
-9999 -9999 -9999 -9999 -9999 -9999 -9999 -9999 -9999 -9999 -9999 -9999 -9999 -9999 -9999 -9999 -9999 -9999 -9999 -9999 -9999 -9999 -9999 -9999 -9999 -9999 -9999 -9999 -9999 -9999 -9999 -9999 -9999 -9999 -9999 -9999 -9999 -9999 282.8427 360.5551 447.2136 538.5165 632.4555 707.1068 781.025 860.2325 943.3981 1029.563 1118.034 1208.305 1300 1389.244 1476.482 1562.05 1640.122 1720.465 1802.776 1886.796 1972.308 2059.126 2140.094 2220.36 2302.173 2385.372 2469.818 2555.386 2640.076 2720.294 2801.785 2884.441 2968.164 3052.867 3138.471 3220.249 3301.515 3383.785 3466.987 3551.056 3635.932 3721.559 3807.886 3894.868 3982.462 4070.626 4159.327 4248.529 4338.203 4428.318 4517.743 4606.517 4695.743 4785.395 4875.449 4964.876 5053.711 5142.957 5232.59 5322.593 5412.947 5503.635 5594.64 5685.948 5777.543 5869.412 5961.543 -9999 -9999 -9999 -9999 
-9999 -9999 -9999 -9999 -9999 -9999 -9999 -9999 -9999 -9999 -9999 -9999 -9999 -9999 -9999 -9999 -9999 -9999 -9999 -9999 -9999 -9999 -9999 -9999 -9999 -9999 -9999 -9999 -9999 -9999 -9999 -9999 -9999 -9999 -9999 -9999 -9999 282.8427 360.5551 424.2641 500 583.0952 670.8204 761.5773 848.5281 921.9545 1000 1081.665 1166.19 1252.996 1341.641 1431.782 1523.155 1612.452 1700 1780.449 1860.108 1941.649 2024.846 2109.502 2195.45 2280.351 2360.085 2441.311 2523.886 2607.681 2692.583 2778.489 2860.07 2941.088 3023.243 3106.445 3190.611 3275.668 3360.06 3440.93 3522.783 3605.551 3689.173 3773.593 3858.756 3944.617 4031.129 4118.252 4205.948 4294.182 4382.921 4472.136 4561.798 4651.881 4741.308 4830.114 4919.35 5008.992 5099.02 5188.449 5277.31 5366.563 5456.189 5546.17 5636.488 5727.128 5818.075 5909.314 6000.833 6092.619 6184.658 -9999 -9999 
-9999 -9999 -9999 -9999 -9999 -9999 -9999 -9999 -9999 -9999 -9999 -9999 -9999 -9999 -9999 -9999 -9999 -9999 -9999 -9999 -9999 -9999 -9999 -9999 -9999 -9999 -9999 -9999 -9999 -9999 -9999 -9999 -9999 -9999 -9999 -9999 -9999 316.2278 412.3106 500 565.6854 640.3124 721.1102 806.2258 894.4272 984.8858 1063.015 1140.175 1220.656 1303.84 1389.244 1476.482 1565.248 1655.295 1746.425 1835.756 1920.937 2000 2080.865 2163.331 2247.22 2332.381 2418.677 2500 2580.698 2662.705 2745.906 2830.194 2915.476 3000 3080.584 3162.278 3244.996 3328.663 3413.21 3498.571 3580.503 3661.967 3744.329 3827.532 3911.521 3996.248 4081.666 4167.733 4254.41 4341.659 4429.447 4517.743 4606.517 4695.743 4785.395 4875.449 4964.876 5053.711 5142.957 5232.59 5322.593 5412.023 5500.909 5590.17 5679.789 5769.749 5860.034 5950.63 6041.523 6132.699 6224.146 6315.853 -9999 
-9999 -9999 -9999 -9999 -9999 -9999 -9999 -9999 -9999 -9999 -9999 -9999 -9999 -9999 -9999 -9999 -9999 -9999 -9999 -9999 -9999 -9999 -9999 -9999 -9999 -9999 -9999 -9999 -9999 -9999 -9999 -9999 -9999 -9999 -9999 -9999 282.8427 360.5551 447.2136 538.5165 632.4555 707.1068 781.025 860.2325 943.3981 1029.563 1118.034 1204.159 1280.625 1360.147 1442.22 1526.434 1612.452 1700 1788.854 1878.829 1969.772 2061.553 2140.094 2220.36 2302.173 2385.372 2469.818 2555.386 2640.076 2720.294 2801.785 2884.441 2968.164 3052.867 3138.471 3220.249 3301.515 3383.785 3466.987 3551.056 3635.932 3720.215 3801.316 3883.298 3966.106 4049.691 4134.005 4219.004 4304.648 4390.9 4477.723 4565.085 4652.956 4741.308 4830.114 4919.35 5008.992 5099.02 5188.449 5277.31 5366.563 5456.189 5546.17 5635.601 5724.509 5813.777 5903.389 5993.33 6083.584 -9999 -9999 -9999 -9999 
-9999 -9999 -9999 -9999 -9999 -9999 -9999 -9999 -9999 -9999 -9999 -9999 -9999 -9999 -9999 -9999 -9999 -9999 -9999 -9999 -9999 -9999 -9999 -9999 -9999 -9999 -9999 -9999 -9999 -9999 -9999 -9999 -9999 -9999 -9999 282.8427 360.5551 424.2641 500 583.0952 670.8204 761.5773 848.5281 921.9545 1000 1081.665 1166.19 1252.996 1341.641 1421.267 1500 1581.139 1664.332 1749.286 1835.756 1923.538 2012.461 2102.38 2193.171 2280.351 2360.085 2441.311 2523.886 2607.681 2692.583 2778.489 2860.07 2941.088 3023.243 3106.445 3190.611 3275.668 3360.06 3440.93 3522.783 3605.551 3689.173 3773.593 3858.756 3940.812 4022.437 4104.875 4188.078 4272.002 4356.604 4441.847 4527.692 4614.109 4701.063 4788.528 4876.474 4964.876 5053.711 5142.957 5232.59 5322.593 5412.023 5500.909 5590.17 5679.789 5769.749 5859.181 -9999 -9999 -9999 -9999 -9999 -9999 -9999 
-9999 -9999 -9999 -9999 -9999 -9999 -9999 -9999 -9999 -9999 -9999 -9999 -9999 -9999 -9999 -9999 -9999 -9999 -9999 -9999 -9999 -9999 -9999 -9999 -9999 -9999 -9999 -9999 -9999 -9999 -9999 -9999 -9999 -9999 -9999 316.2278 412.3106 500 565.6854 640.3124 721.1102 806.2258 894.4272 984.8858 1063.015 1140.175 1220.656 1303.84 1389.244 1476.482 1562.05 1640.122 1720.465 1802.776 1886.796 1972.308 2059.126 2147.091 2236.068 2325.941 2416.609 2500 2580.698 2662.705 2745.906 2830.194 2915.476 3000 3080.584 3162.278 3244.996 3328.663 3413.21 3498.571 3580.503 3661.967 3744.329 3827.532 3911.521 3996.248 4080.441 4161.73 4243.819 4326.662 4410.215 4494.441 4579.301 4664.762 4750.79 4837.354 4924.429 5011.986 5100 5188.449 5277.31 5366.563 5456.189 5546.17 5635.601 -9999 -9999 -9999 -9999 -9999 -9999 -9999 -9999 -9999 -9999 
-9999 -9999 -9999 -9999 -9999 -9999 -9999 -9999 -9999 -9999 -9999 -9999 -9999 -9999 -9999 -9999 -9999 -9999 -9999 -9999 -9999 -9999 -9999 -9999 -9999 -9999 -9999 -9999 -9999 -9999 -9999 -9999 -9999 -9999 282.8427 360.5551 447.2136 538.5165 632.4555 707.1068 781.025 860.2325 943.3981 1029.563 1118.034 1204.159 1280.625 1360.147 1442.22 1526.434 1612.452 1700 1780.449 1860.108 1941.649 2024.846 2109.502 2195.45 2282.542 2370.654 2459.675 2549.51 2640.076 2720.294 2801.785 2884.441 2968.164 3052.867 3138.471 3220.249 3301.515 3383.785 3466.987 3551.056 3635.932 3720.215 3801.316 3883.298 3966.106 4049.691 4134.005 4219.004 4301.163 4382.921 4465.423 4548.626 4632.494 4716.991 4802.083 4887.74 4973.932 5060.632 5147.815 5235.456 5323.533 5412.023 5500.909 5590.17 -9999 -9999 -9999 -9999 -9999 -9999 -9999 -9999 -9999 -9999 -9999 
-9999 -9999 -9999 -9999 -9999 -9999 -9999 -9999 -9999 -9999 -9999 -9999 -9999 -9999 -9999 -9999 -9999 -9999 -9999 -9999 -9999 -9999 -9999 -9999 -9999 -9999 -9999 -9999 -9999 -9999 -9999 -9999 -9999 282.8427 360.5551 424.2641 500 583.0952 670.8204 761.5773 848.5281 921.9545 1000 1081.665 1166.19 1252.996 1341.641 1421.267 1500 1581.139 1664.332 1749.286 1835.756 1920.937 2000 2080.865 2163.331 2247.22 2332.381 2418.677 2505.993 2594.224 2683.281 2773.085 2860.07 2941.088 3023.243 3106.445 3190.611 3275.668 3360.06 3440.93 3522.783 3605.551 3689.173 3773.593 3858.756 3940.812 4022.437 4104.875 4188.078 4272.002 4356.604 4440.721 4522.167 4604.346 4687.217 4770.744 4854.895 4939.636 5024.938 5110.773 5197.115 5283.938 5371.22 5458.938 5547.071 5635.601 -9999 -9999 -9999 -9999 -9999 -9999 -9999 -9999 -9999 -9999 -9999 
-9999 -9999 -9999 -9999 -9999 -9999 -9999 -9999 -9999 -9999 -9999 -9999 -9999 -9999 -9999 -9999 -9999 -9999 -9999 -9999 -9999 -9999 -9999 -9999 -9999 -9999 -9999 -9999 -9999 -9999 -9999 -9999 -9999 316.2278 412.3106 500 565.6854 640.3124 721.1102 806.2258 894.4272 984.8858 1063.015 1140.175 1220.656 1303.84 1389.244 1476.482 1562.05 1640.122 1720.465 1802.776 1886.796 1972.308 2059.126 2140.094 2220.36 2302.173 2385.372 2469.818 2555.386 2641.969 2729.469 2817.801 2906.888 2996.665 3080.584 3162.278 3244.996 3328.663 3413.21 3498.571 3580.503 3661.967 3744.329 3827.532 3911.521 3996.248 4080.441 4161.73 4243.819 4326.662 4410.215 4494.441 4579.301 4661.545 4743.417 4825.971 4909.175 4992.995 5077.401 5162.364 5247.857 5333.854 5420.332 5507.268 5594.64 5682.429 -9999 -9999 -9999 -9999 -9999 -9999 -9999 -9999 -9999 -9999 -9999 
-9999 -9999 -9999 -9999 -9999 -9999 -9999 -9999 -9999 -9999 -9999 -9999 -9999 -9999 -9999 -9999 -9999 -9999 -9999 -9999 -9999 -9999 -9999 -9999 -9999 -9999 -9999 -9999 -9999 -9999 -9999 -9999 282.8427 360.5551 447.2136 538.5165 632.4555 707.1068 781.025 860.2325 943.3981 1029.563 1118.034 1204.159 1280.625 1360.147 1442.22 1526.434 1612.452 1700 1780.449 1860.108 1941.649 2024.846 2109.502 2195.45 2280.351 2360.085 2441.311 2523.886 2607.681 2692.583 2778.489 2865.31 2952.965 3041.381 3130.495 3220.249 3301.515 3383.785 3466.987 3551.056 3635.932 3720.215 3801.316 3883.298 3966.106 4049.691 4134.005 4219.004 4301.163 4382.921 4465.423 4548.626 4632.494 4716.991 4801.042 4882.622 4964.876 5047.772 5131.277 5215.362 5300 5385.165 5470.832 5556.978 5643.581 5730.62 -9999 -9999 -9999 -9999 -9999 -9999 -9999 -9999 -9999 -9999 -9999 
-9999 -9999 -9999 -9999 -9999 -9999 -9999 -9999 -9999 -9999 -9999 -9999 -9999 -9999 -9999 -9999 -9999 -9999 -9999 -9999 -9999 -9999 -9999 -9999 -9999 -9999 -9999 -9999 -9999 -9999 -9999 282.8427 360.5551 424.2641 500 583.0952 670.8204 761.5773 848.5281 921.9545 1000 1081.665 1166.19 1252.996 1341.641 1421.267 1500 1581.139 1664.332 1749.286 1835.756 1920.937 2000 2080.865 2163.331 2247.22 2332.381 2418.677 2500 2580.698 2662.705 2745.906 2830.194 2915.476 3001.666 3088.689 3176.476 3264.966 3354.102 3440.93 3522.783 3605.551 3689.173 3773.593 3858.756 3940.812 4022.437 4104.875 4188.078 4272.002 4356.604 4440.721 4522.167 4604.346 4687.217 4770.744 4854.895 4939.636 5021.952 5103.92 5186.521 5269.725 5353.503 5437.831 5522.681 5608.03 5693.856 -9999 -9999 -9999 -9999 -9999 -9999 -9999 -9999 -9999 -9999 -9999 -9999 
-9999 -9999 -9999 -9999 -9999 -9999 -9999 -9999 -9999 -9999 -9999 -9999 -9999 -9999 -9999 -9999 -9999 -9999 -9999 -9999 -9999 -9999 -9999 -9999 -9999 -9999 -9999 -9999 -9999 -9999 -9999 316.2278 412.3106 500 565.6854 640.3124 721.1102 806.2258 894.4272 984.8858 1063.015 1140.175 1220.656 1303.84 1389.244 1476.482 1562.05 1640.122 1720.465 1802.776 1886.796 1972.308 2059.126 2140.094 2220.36 2302.173 2385.372 2469.818 2555.386 2640.076 2720.294 2801.785 2884.441 2968.164 3052.867 3138.471 3224.903 3312.099 3400 3488.553 3577.709 3661.967 3744.329 3827.532 3911.521 3996.248 4080.441 4161.73 4243.819 4326.662 4410.215 4494.441 4579.301 4661.545 4743.417 4825.971 4909.175 4992.995 5077.401 5161.395 5243.091 5325.411 5408.327 5491.812 5575.841 5660.389 5745.433 -9999 -9999 -9999 -9999 -9999 -9999 -9999 -9999 -9999 -9999 -9999 -9999 
-9999 -9999 -9999 -9999 -9999 -9999 -9999 -9999 -9999 -9999 -9999 -9999 -9999 -9999 -9999 -9999 -9999 -9999 -9999 -9999 -9999 -9999 -9999 -9999 -9999 -9999 -9999 -9999 -9999 -9999 282.8427 360.5551 447.2136 538.5165 632.4555 707.1068 781.025 860.2325 943.3981 1029.563 1118.034 1204.159 1280.625 1360.147 1442.22 1526.434 1612.452 1700 1780.449 1860.108 1941.649 2024.846 2109.502 2195.45 2280.351 2360.085 2441.311 2523.886 2607.681 2692.583 2778.489 2860.07 2941.088 3023.243 3106.445 3190.611 3275.668 3361.547 3448.188 3535.534 3623.534 3712.142 3801.316 3883.298 3966.106 4049.691 4134.005 4219.004 4301.163 4382.921 4465.423 4548.626 4632.494 4716.991 4801.042 4882.622 4964.876 5047.772 5131.277 5215.362 5300 5382.378 5464.431 5547.071 5630.275 5714.018 5798.275 -9999 -9999 -9999 -9999 -9999 -9999 -9999 -9999 -9999 -9999 -9999 -9999 
-9999 -9999 -9999 -9999 -9999 -9999 -9999 -9999 -9999 -9999 -9999 -9999 -9999 -9999 -9999 -9999 -9999 -9999 -9999 -9999 -9999 -9999 -9999 -9999 -9999 -9999 -9999 -9999 -9999 282.8427 360.5551 424.2641 500 583.0952 670.8204 761.5773 848.5281 921.9545 1000 1081.665 1166.19 1252.996 1341.641 1421.267 1500 1581.139 1664.332 1749.286 1835.756 1920.937 2000 2080.865 2163.331 2247.22 2332.381 2418.677 2500 2580.698 2662.705 2745.906 2830.194 2915.476 3000 3080.584 3162.278 3244.996 3328.663 3413.21 3498.571 3584.69 3671.512 3758.989 3847.077 3935.734 4022.437 4104.875 4188.078 4272.002 4356.604 4440.721 4522.167 4604.346 4687.217 4770.744 4854.895 4939.636 5021.952 5103.92 5186.521 5269.725 5353.503 5437.831 5521.775 5603.57 5685.948 5768.882 5852.35 -9999 -9999 -9999 -9999 -9999 -9999 -9999 -9999 -9999 -9999 -9999 -9999 
-9999 -9999 -9999 -9999 -9999 -9999 -9999 -9999 -9999 -9999 -9999 -9999 -9999 -9999 -9999 -9999 -9999 -9999 -9999 -9999 -9999 -9999 -9999 -9999 -9999 -9999 -9999 -9999 -9999 316.2278 412.3106 500 565.6854 640.3124 721.1102 806.2258 894.4272 984.8858 1063.015 1140.175 1220.656 1303.84 1389.244 1476.482 1562.05 1640.122 1720.465 1802.776 1886.796 1972.308 2059.126 2140.094 2220.36 2302.173 2385.372 2469.818 2555.386 2640.076 2720.294 2801.785 2884.441 2968.164 3052.867 3138.471 3220.249 3301.515 3383.785 3466.987 3551.056 3635.932 3721.559 3807.886 3894.868 3982.462 4070.626 4159.327 4243.819 4326.662 4410.215 4494.441 4579.301 4661.545 4743.417 4825.971 4909.175 4992.995 5077.401 5161.395 5243.091 5325.411 5408.327 5491.812 5575.841 5660.389 5742.822 5824.946 5907.622 -9999 -9999 -9999 -9999 -9999 -9999 -9999 -9999 -9999 -9999 -9999 -9999 
-9999 -9999 -9999 -9999 -9999 -9999 -9999 -9999 -9999 -9999 -9999 -9999 -9999 -9999 -9999 -9999 -9999 -9999 -9999 -9999 -9999 -9999 -9999 -9999 -9999 -9999 -9999 -9999 282.8427 360.5551 447.2136 538.5165 632.4555 707.1068 781.025 860.2325 943.3981 1029.563 1118.034 1204.159 1280.625 1360.147 1442.22 1526.434 1612.452 1700 1780.449 1860.108 1941.649 2024.846 2109.502 2195.45 2280.351 2360.085 2441.311 2523.886 2607.681 2692.583 2778.489 2860.07 2941.088 3023.243 3106.445 3190.611 3275.668 3360.06 3440.93 3522.783 3605.551 3689.173 3773.593 3858.756 3944.617 4031.129 4118.252 4205.948 4294.182 4382.921 4465.423 4548.626 4632.494 4716.991 4801.042 4882.622 4964.876 5047.772 5131.277 5215.362 5300 5382.378 5464.431 5547.071 5630.275 5714.018 5798.275 5882.176 -9999 -9999 -9999 -9999 -9999 -9999 -9999 -9999 -9999 -9999 -9999 -9999 -9999 
-9999 -9999 -9999 -9999 -9999 -9999 -9999 -9999 -9999 -9999 -9999 -9999 -9999 -9999 -9999 -9999 -9999 -9999 -9999 -9999 -9999 -9999 -9999 -9999 -9999 -9999 -9999 282.8427 360.5551 424.2641 500 583.0952 670.8204 761.5773 848.5281 921.9545 1000 1081.665 1166.19 1252.996 1341.641 1421.267 1500 1581.139 1664.332 1749.286 1835.756 1920.937 2000 2080.865 2163.331 2247.22 2332.381 2418.677 2500 2580.698 2662.705 2745.906 2830.194 2915.476 3000 3080.584 3162.278 3244.996 3328.663 3413.21 3498.571 3580.503 3661.967 3744.329 3827.532 3911.521 3996.248 4081.666 4167.733 4254.41 4341.659 4429.447 4517.743 4604.346 4687.217 4770.744 4854.895 4939.636 5021.952 5103.92 5186.521 5269.725 5353.503 5437.831 5521.775 5603.57 5685.948 5768.882 5852.35 5936.329 -9999 -9999 -9999 -9999 -9999 -9999 -9999 -9999 -9999 -9999 -9999 -9999 -9999 
-9999 -9999 -9999 -9999 -9999 -9999 -9999 -9999 -9999 -9999 -9999 -9999 -9999 -9999 -9999 -9999 -9999 -9999 -9999 -9999 -9999 -9999 -9999 -9999 -9999 -9999 -9999 316.2278 412.3106 500 565.6854 640.3124 721.1102 806.2258 894.4272 984.8858 1063.015 1140.175 1220.656 1303.84 1389.244 1476.482 1562.05 1640.122 1720.465 1802.776 1886.796 1972.308 2059.126 2140.094 2220.36 2302.173 2385.372 2469.818 2555.386 2640.076 2720.294 2801.785 2884.441 2968.164 3052.867 3138.471 3220.249 3301.515 3383.785 3466.987 3551.056 3635.932 3720.215 3801.316 3883.298 3966.106 4049.691 4134.005 4219.004 4304.648 4390.9 4477.723 4565.085 4652.956 4741.308 4825.971 4909.175 4992.995 5077.401 5161.395 5243.091 5325.411 5408.327 5491.812 5575.841 5660.389 5742.822 5824.946 5907.622 5990.826 -9999 -9999 -9999 -9999 -9999 -9999 -9999 -9999 -9999 -9999 -9999 -9999 -9999 
-9999 -9999 -9999 -9999 -9999 -9999 -9999 -9999 -9999 -9999 -9999 -9999 -9999 -9999 -9999 -9999 -9999 -9999 -9999 -9999 -9999 -9999 -9999 -9999 -9999 -9999 282.8427 360.5551 447.2136 538.5165 632.4555 707.1068 781.025 860.2325 943.3981 1029.563 1118.034 1204.159 1280.625 1360.147 1442.22 1526.434 1612.452 1700 1780.449 1860.108 1941.649 2024.846 2109.502 2195.45 2280.351 2360.085 2441.311 2523.886 2607.681 2692.583 2778.489 2860.07 2941.088 3023.243 3106.445 3190.611 3275.668 3360.06 3440.93 3522.783 3605.551 3689.173 3773.593 3858.756 3940.812 4022.437 4104.875 4188.078 4272.002 4356.604 4441.847 4527.692 4614.109 4701.063 4788.528 4876.474 4964.876 5047.772 5131.277 5215.362 5300 5382.378 5464.431 5547.071 5630.275 5714.018 5798.275 5882.176 5964.059 6046.487 -9999 -9999 -9999 -9999 -9999 -9999 -9999 -9999 -9999 -9999 -9999 -9999 -9999 
-9999 -9999 -9999 -9999 -9999 -9999 -9999 -9999 -9999 -9999 -9999 -9999 -9999 -9999 -9999 -9999 -9999 -9999 -9999 -9999 -9999 -9999 -9999 -9999 -9999 282.8427 360.5551 424.2641 500 583.0952 670.8204 761.5773 848.5281 921.9545 1000 1081.665 1166.19 1252.996 1341.641 1421.267 1500 1581.139 1664.332 1749.286 1835.756 1920.937 2000 2080.865 2163.331 2247.22 2332.381 2418.677 2500 2580.698 2662.705 2745.906 2830.194 2915.476 3000 3080.584 3162.278 3244.996 3328.663 3413.21 3498.571 3580.503 3661.967 3744.329 3827.532 3911.521 3996.248 4080.441 4161.73 4243.819 4326.662 4410.215 4494.441 4579.301 4664.762 4750.79 4837.354 4924.429 5011.986 5100 5186.521 5269.725 5353.503 5437.831 5521.775 5603.57 5685.948 5768.882 5852.35 5936.329 6020.797 6103.278 -9999 -9999 -9999 -9999 -9999 -9999 -9999 -9999 -9999 -9999 -9999 -9999 -9999 
-9999 -9999 -9999 -9999 -9999 -9999 -9999 -9999 -9999 -9999 -9999 -9999 -9999 -9999 -9999 -9999 -9999 -9999 -9999 -9999 -9999 -9999 -9999 -9999 -9999 316.2278 412.3106 500 565.6854 640.3124 721.1102 806.2258 894.4272 984.8858 1063.015 1140.175 1220.656 1303.84 1389.244 1476.482 1562.05 1640.122 1720.465 1802.776 1886.796 1972.308 2059.126 2140.094 2220.36 2302.173 2385.372 2469.818 2555.386 2640.076 2720.294 2801.785 2884.441 2968.164 3052.867 3138.471 3220.249 3301.515 3383.785 3466.987 3551.056 3635.932 3720.215 3801.316 3883.298 3966.106 4049.691 4134.005 4219.004 4301.163 4382.921 4465.423 4548.626 4632.494 4716.991 4802.083 4887.74 4973.932 5060.632 5147.815 5235.456 5323.533 5408.327 5491.812 5575.841 5660.389 5742.822 5824.946 5907.622 5990.826 6074.537 6158.733 -9999 -9999 -9999 -9999 -9999 -9999 -9999 -9999 -9999 -9999 -9999 -9999 -9999 
-9999 -9999 -9999 -9999 -9999 -9999 -9999 -9999 -9999 -9999 -9999 -9999 -9999 -9999 -9999 -9999 -9999 -9999 -9999 -9999 -9999 -9999 -9999 -9999 282.8427 360.5551 447.2136 538.5165 632.4555 707.1068 781.025 860.2325 943.3981 1029.563 1118.034 1204.159 1280.625 1360.147 1442.22 1526.434 1612.452 1700 1780.449 1860.108 1941.649 2024.846 2109.502 2195.45 2280.351 2360.085 2441.311 2523.886 2607.681 2692.583 2778.489 2860.07 2941.088 3023.243 3106.445 3190.611 3275.668 3360.06 3440.93 3522.783 3605.551 3689.173 3773.593 3858.756 3940.812 4022.437 4104.875 4188.078 4272.002 4356.604 4440.721 4522.167 4604.346 4687.217 4770.744 4854.895 4939.636 5024.938 5110.773 5197.115 5283.938 5371.22 5458.938 5547.071 5630.275 5714.018 5798.275 5882.176 5964.059 6046.487 6129.437 6212.89 -9999 -9999 -9999 -9999 -9999 -9999 -9999 -9999 -9999 -9999 -9999 -9999 -9999 
-9999 -9999 -9999 -9999 -9999 -9999 -9999 -9999 -9999 -9999 -9999 -9999 -9999 -9999 -9999 -9999 -9999 -9999 -9999 -9999 -9999 -9999 -9999 282.8427 360.5551 424.2641 500 583.0952 670.8204 761.5773 848.5281 921.9545 1000 1081.665 1166.19 1252.996 1341.641 1421.267 1500 1581.139 1664.332 1749.286 1835.756 1920.937 2000 2080.865 2163.331 2247.22 2332.381 2418.677 2500 2580.698 2662.705 2745.906 2830.194 2915.476 3000 3080.584 3162.278 3244.996 3328.663 3413.21 3498.571 3580.503 3661.967 3744.329 3827.532 3911.521 3996.248 4080.441 4161.73 4243.819 4326.662 4410.215 4494.441 4579.301 4661.545 4743.417 4825.971 4909.175 4992.995 5077.401 5162.364 5247.857 5333.854 5420.332 5507.268 5594.64 5682.429 5768.882 5852.35 5936.329 6020.797 6103.278 6185.467 6268.173 -9999 -9999 -9999 -9999 -9999 -9999 -9999 -9999 -9999 -9999 -9999 -9999 -9999 
-9999 -9999 -9999 -9999 -9999 -9999 -9999 -9999 -9999 -9999 -9999 -9999 -9999 -9999 -9999 -9999 -9999 -9999 -9999 -9999 -9999 -9999 -9999 316.2278 412.3106 500 565.6854 640.3124 721.1102 806.2258 894.4272 984.8858 1063.015 1140.175 1220.656 1303.84 1389.244 1476.482 1562.05 1640.122 1720.465 1802.776 1886.796 1972.308 2059.126 2140.094 2220.36 2302.173 2385.372 2469.818 2555.386 2640.076 2720.294 2801.785 2884.441 2968.164 3052.867 3138.471 3220.249 3301.515 3383.785 3466.987 3551.056 3635.932 3720.215 3801.316 3883.298 3966.106 4049.691 4134.005 4219.004 4301.163 4382.921 4465.423 4548.626 4632.494 4716.991 4801.042 4882.622 4964.876 5047.772 5131.277 5215.362 5300 5385.165 5470.832 5556.978 5643.581 5730.62 5818.075 5905.929 5990.826 6074.537 6158.733 6242.596 -9999 -9999 -9999 -9999 -9999 -9999 -9999 -9999 -9999 -9999 -9999 -9999 -9999 -9999 
-9999 -9999 -9999 -9999 -9999 -9999 -9999 -9999 -9999 -9999 -9999 -9999 -9999 -9999 -9999 -9999 -9999 -9999 -9999 -9999 -9999 -9999 282.8427 360.5551 447.2136 538.5165 632.4555 707.1068 781.025 860.2325 943.3981 1029.563 1118.034 1204.159 1280.625 1360.147 1442.22 1526.434 1612.452 1700 1780.449 1860.108 1941.649 2024.846 2109.502 2195.45 2280.351 2360.085 2441.311 2523.886 2607.681 2692.583 2778.489 2860.07 2941.088 3023.243 3106.445 3190.611 3275.668 3360.06 3440.93 3522.783 3605.551 3689.173 3773.593 3858.756 3940.812 4022.437 4104.875 4188.078 4272.002 4356.604 4440.721 4522.167 4604.346 4687.217 4770.744 4854.895 4939.636 5021.952 5103.92 5186.521 5269.725 5353.503 5437.831 5522.681 5608.03 5693.856 5780.138 5866.856 5953.99 6041.523 6129.437 6212.89 6296.825 -9999 -9999 -9999 -9999 -9999 -9999 -9999 -9999 -9999 -9999 -9999 -9999 -9999 -9999 
-9999 -9999 -9999 -9999 -9999 -9999 -9999 -9999 -9999 -9999 -9999 -9999 -9999 -9999 -9999 -9999 -9999 -9999 -9999 -9999 -9999 282.8427 360.5551 424.2641 500 583.0952 670.8204 761.5773 848.5281 921.9545 1000 1081.665 1166.19 1252.996 1341.641 1421.267 1500 1581.139 1664.332 1749.286 1835.756 1920.937 2000 2080.865 2163.331 2247.22 2332.381 2418.677 2500 2580.698 2662.705 2745.906 2830.194 2915.476 3000 3080.584 3162.278 3244.996 3328.663 3413.21 3498.571 3580.503 3661.967 3744.329 3827.532 3911.521 3996.248 4080.441 4161.73 4243.819 4326.662 4410.215 4494.441 4579.301 4661.545 4743.417 4825.971 4909.175 4992.995 5077.401 5161.395 5243.091 5325.411 5408.327 5491.812 5575.841 5660.389 5745.433 5830.952 5916.925 6003.333 6090.156 6177.378 6264.982 -9999 -9999 -9999 -9999 -9999 -9999 -9999 -9999 -9999 -9999 -9999 -9999 -9999 -9999 -9999 
-9999 -9999 -9999 -9999 -9999 -9999 -9999 -9999 -9999 -9999 -9999 -9999 -9999 -9999 -9999 -9999 -9999 -9999 -9999 -9999 -9999 316.2278 412.3106 500 565.6854 640.3124 721.1102 806.2258 894.4272 984.8858 1063.015 1140.175 1220.656 1303.84 1389.244 1476.482 1562.05 1640.122 1720.465 1802.776 1886.796 1972.308 2059.126 2140.094 2220.36 2302.173 2385.372 2469.818 2555.386 2640.076 2720.294 2801.785 2884.441 2968.164 3052.867 3138.471 3220.249 3301.515 3383.785 3466.987 3551.056 3635.932 3720.215 3801.316 3883.298 3966.106 4049.691 4134.005 4219.004 4301.163 4382.921 4465.423 4548.626 4632.494 4716.991 4801.042 4882.622 4964.876 5047.772 5131.277 5215.362 5300 5382.378 5464.431 5547.071 5630.275 5714.018 5798.275 5883.026 5968.25 6053.924 6140.033 6226.556 -9999 -9999 -9999 -9999 -9999 -9999 -9999 -9999 -9999 -9999 -9999 -9999 -9999 -9999 -9999 -9999 
-9999 -9999 -9999 -9999 -9999 -9999 -9999 -9999 -9999 -9999 -9999 -9999 -9999 -9999 -9999 -9999 -9999 -9999 -9999 -9999 282.8427 360.5551 447.2136 538.5165 632.4555 707.1068 781.025 860.2325 943.3981 1029.563 1118.034 1204.159 1280.625 1360.147 1442.22 1526.434 1612.452 1700 1780.449 1860.108 1941.649 2024.846 2109.502 2195.45 2280.351 2360.085 2441.311 2523.886 2607.681 2692.583 2778.489 2860.07 2941.088 3023.243 3106.445 3190.611 3275.668 3360.06 3440.93 3522.783 3605.551 3689.173 3773.593 3858.756 3940.812 4022.437 4104.875 4188.078 4272.002 4356.604 4440.721 4522.167 4604.346 4687.217 4770.744 4854.895 4939.636 5021.952 5103.92 5186.521 5269.725 5353.503 5437.831 5521.775 5603.57 5685.948 5768.882 5852.35 5936.329 6020.797 6105.735 6191.123 -9999 -9999 -9999 -9999 -9999 -9999 -9999 -9999 -9999 -9999 -9999 -9999 -9999 -9999 -9999 -9999 -9999 
-9999 -9999 -9999 -9999 -9999 -9999 -9999 -9999 -9999 -9999 -9999 -9999 -9999 -9999 -9999 -9999 -9999 -9999 -9999 282.8427 360.5551 424.2641 500 583.0952 670.8204 761.5773 848.5281 921.9545 1000 1081.665 1166.19 1252.996 1341.641 1421.267 1500 1581.139 1664.332 1749.286 1835.756 1920.937 2000 2080.865 2163.331 2247.22 2332.381 2418.677 2500 2580.698 2662.705 2745.906 2830.194 2915.476 3000 3080.584 3162.278 3244.996 3328.663 3413.21 3498.571 3580.503 3661.967 3744.329 3827.532 3911.521 3996.248 4080.441 4161.73 4243.819 4326.662 4410.215 4494.441 4579.301 4661.545 4743.417 4825.971 4909.175 4992.995 5077.401 5161.395 5243.091 5325.411 5408.327 5491.812 5575.841 5660.389 5742.822 5824.946 5907.622 5990.826 6074.537 6158.733 -9999 -9999 -9999 -9999 -9999 -9999 -9999 -9999 -9999 -9999 -9999 -9999 -9999 -9999 -9999 -9999 -9999 -9999 
-9999 -9999 -9999 -9999 -9999 -9999 -9999 -9999 -9999 -9999 -9999 -9999 -9999 -9999 -9999 -9999 -9999 -9999 -9999 316.2278 412.3106 500 565.6854 640.3124 721.1102 806.2258 894.4272 984.8858 1063.015 1140.175 1220.656 1303.84 1389.244 1476.482 1562.05 1640.122 1720.465 1802.776 1886.796 1972.308 2059.126 2140.094 2220.36 2302.173 2385.372 2469.818 2555.386 2640.076 2720.294 2801.785 2884.441 2968.164 3052.867 3138.471 3220.249 3301.515 3383.785 3466.987 3551.056 3635.932 3720.215 3801.316 3883.298 3966.106 4049.691 4134.005 4219.004 4301.163 4382.921 4465.423 4548.626 4632.494 4716.991 4801.042 4882.622 4964.876 5047.772 5131.277 5215.362 5300 5382.378 5464.431 5547.071 5630.275 5714.018 5798.275 5882.176 5964.059 6046.487 6129.437 -9999 -9999 -9999 -9999 -9999 -9999 -9999 -9999 -9999 -9999 -9999 -9999 -9999 -9999 -9999 -9999 -9999 -9999 -9999 
-9999 -9999 -9999 -9999 -9999 -9999 -9999 -9999 -9999 -9999 -9999 -9999 -9999 -9999 -9999 -9999 -9999 -9999 282.8427 360.5551 447.2136 538.5165 632.4555 707.1068 781.025 860.2325 943.3981 1029.563 1118.034 1204.159 1280.625 1360.147 1442.22 1526.434 1612.452 1700 1780.449 1860.108 1941.649 2024.846 2109.502 2195.45 2280.351 2360.085 2441.311 2523.886 2607.681 2692.583 2778.489 2860.07 2941.088 3023.243 3106.445 3190.611 3275.668 3360.06 3440.93 3522.783 3605.551 3689.173 3773.593 3858.756 3940.812 4022.437 4104.875 4188.078 4272.002 4356.604 4440.721 4522.167 4604.346 4687.217 4770.744 4854.895 4939.636 5021.952 5103.92 5186.521 5269.725 5353.503 5437.831 5521.775 5603.57 5685.948 5768.882 5852.35 5936.329 6020.797 6103.278 -9999 -9999 -9999 -9999 -9999 -9999 -9999 -9999 -9999 -9999 -9999 -9999 -9999 -9999 -9999 -9999 -9999 -9999 -9999 -9999 
-9999 -9999 -9999 -9999 -9999 -9999 -9999 -9999 -9999 -9999 -9999 -9999 -9999 -9999 -9999 -9999 -9999 282.8427 360.5551 424.2641 500 583.0952 670.8204 761.5773 848.5281 921.9545 1000 1081.665 1166.19 1252.996 1341.641 1421.267 1500 1581.139 1664.332 1749.286 1835.756 1920.937 2000 2080.865 2163.331 2247.22 2332.381 2418.677 2500 2580.698 2662.705 2745.906 2830.194 2915.476 3000 3080.584 3162.278 3244.996 3328.663 3413.21 3498.571 3580.503 3661.967 3744.329 3827.532 3911.521 3996.248 4080.441 4161.73 4243.819 4326.662 4410.215 4494.441 4579.301 4661.545 4743.417 4825.971 4909.175 4992.995 5077.401 5161.395 5243.091 5325.411 5408.327 5491.812 5575.841 5660.389 5742.822 5824.946 5907.622 5990.826 6074.537 6158.733 -9999 -9999 -9999 -9999 -9999 -9999 -9999 -9999 -9999 -9999 -9999 -9999 -9999 -9999 -9999 -9999 -9999 -9999 -9999 -9999 
-9999 -9999 -9999 -9999 -9999 -9999 -9999 -9999 -9999 -9999 -9999 -9999 -9999 -9999 -9999 -9999 -9999 316.2278 412.3106 500 565.6854 640.3124 721.1102 806.2258 894.4272 984.8858 1063.015 1140.175 1220.656 1303.84 1389.244 1476.482 1562.05 1640.122 1720.465 1802.776 1886.796 1972.308 2059.126 2140.094 2220.36 2302.173 2385.372 2469.818 2555.386 2640.076 2720.294 2801.785 2884.441 2968.164 3052.867 3138.471 3220.249 3301.515 3383.785 3466.987 3551.056 3635.932 3720.215 3801.316 3883.298 3966.106 4049.691 4134.005 4219.004 4301.163 4382.921 4465.423 4548.626 4632.494 4716.991 4801.042 4882.622 4964.876 5047.772 5131.277 5215.362 5300 5382.378 5464.431 5547.071 5630.275 5714.018 5798.275 5882.176 5964.059 6046.487 6129.437 6212.89 -9999 -9999 -9999 -9999 -9999 -9999 -9999 -9999 -9999 -9999 -9999 -9999 -9999 -9999 -9999 -9999 -9999 -9999 -9999 -9999 
-9999 -9999 -9999 -9999 -9999 -9999 -9999 -9999 -9999 -9999 -9999 -9999 -9999 -9999 -9999 -9999 282.8427 360.5551 447.2136 538.5165 632.4555 707.1068 781.025 860.2325 943.3981 1029.563 1118.034 1204.159 1280.625 1360.147 1442.22 1526.434 1612.452 1700 1780.449 1860.108 1941.649 2024.846 2109.502 2195.45 2280.351 2360.085 2441.311 2523.886 2607.681 2692.583 2778.489 2860.07 2941.088 3023.243 3106.445 3190.611 3275.668 3360.06 3440.93 3522.783 3605.551 3689.173 3773.593 3858.756 3940.812 4022.437 4104.875 4188.078 4272.002 4356.604 4440.721 4522.167 4604.346 4687.217 4770.744 4854.895 4939.636 5021.952 5103.92 5186.521 5269.725 5353.503 5437.831 5521.775 5603.57 5685.948 5768.882 5852.35 5936.329 6020.797 6103.278 6185.467 6268.173 -9999 -9999 -9999 -9999 -9999 -9999 -9999 -9999 -9999 -9999 -9999 -9999 -9999 -9999 -9999 -9999 -9999 -9999 -9999 -9999 
-9999 -9999 -9999 -9999 -9999 -9999 -9999 -9999 -9999 -9999 -9999 -9999 -9999 -9999 -9999 282.8427 360.5551 424.2641 500 583.0952 670.8204 761.5773 848.5281 921.9545 1000 1081.665 1166.19 1252.996 1341.641 1421.267 1500 1581.139 1664.332 1749.286 1835.756 1920.937 2000 2080.865 2163.331 2247.22 2332.381 2418.677 2500 2580.698 2662.705 2745.906 2830.194 2915.476 3000 3080.584 3162.278 3244.996 3328.663 3413.21 3498.571 3580.503 3661.967 3744.329 3827.532 3911.521 3996.248 4080.441 4161.73 4243.819 4326.662 4410.215 4494.441 4579.301 4661.545 4743.417 4825.971 4909.175 4992.995 5077.401 5161.395 5243.091 5325.411 5408.327 5491.812 5575.841 5660.389 5742.822 5824.946 5907.622 5990.826 6074.537 6158.733 6242.596 6324.555 -9999 -9999 -9999 -9999 -9999 -9999 -9999 -9999 -9999 -9999 -9999 -9999 -9999 -9999 -9999 -9999 -9999 -9999 -9999 -9999 
-9999 -9999 -9999 -9999 -9999 -9999 -9999 -9999 -9999 -9999 -9999 -9999 -9999 -9999 -9999 316.2278 412.3106 500 565.6854 640.3124 721.1102 806.2258 894.4272 984.8858 1063.015 1140.175 1220.656 1303.84 1389.244 1476.482 1562.05 1640.122 1720.465 1802.776 1886.796 1972.308 2059.126 2140.094 2220.36 2302.173 2385.372 2469.818 2555.386 2640.076 2720.294 2801.785 2884.441 2968.164 3052.867 3138.471 3220.249 3301.515 3383.785 3466.987 3551.056 3635.932 3720.215 3801.316 3883.298 3966.106 4049.691 4134.005 4219.004 4301.163 4382.921 4465.423 4548.626 4632.494 4716.991 4801.042 4882.622 4964.876 5047.772 5131.277 5215.362 5300 5382.378 5464.431 5547.071 5630.275 5714.018 5798.275 5882.176 5964.059 6046.487 6129.437 6212.89 6296.825 6381.223 -9999 -9999 -9999 -9999 -9999 -9999 -9999 -9999 -9999 -9999 -9999 -9999 -9999 -9999 -9999 -9999 -9999 -9999 -9999 -9999 
-9999 -9999 -9999 -9999 -9999 -9999 -9999 -9999 -9999 -9999 -9999 -9999 -9999 -9999 282.8427 360.5551 447.2136 538.5165 632.4555 707.1068 781.025 860.2325 943.3981 1029.563 1118.034 1204.159 1280.625 1360.147 1442.22 1526.434 1612.452 1700 1780.449 1860.108 1941.649 2024.846 2109.502 2195.45 2280.351 2360.085 2441.311 2523.886 2607.681 2692.583 2778.489 2860.07 2941.088 3023.243 3106.445 3190.611 3275.668 3360.06 3440.93 3522.783 3605.551 3689.173 3773.593 3858.756 3940.812 4022.437 4104.875 4188.078 4272.002 4356.604 4440.721 4522.167 4604.346 4687.217 4770.744 4854.895 4939.636 5021.952 5103.92 5186.521 5269.725 5353.503 5437.831 5521.775 5603.57 5685.948 5768.882 5852.35 5936.329 6020.797 6103.278 6185.467 6268.173 6351.378 6435.06 -9999 -9999 -9999 -9999 -9999 -9999 -9999 -9999 -9999 -9999 -9999 -9999 -9999 -9999 -9999 -9999 -9999 -9999 -9999 -9999 
-9999 -9999 -9999 -9999 -9999 -9999 -9999 -9999 -9999 -9999 -9999 -9999 -9999 282.8427 360.5551 424.2641 500 583.0952 670.8204 761.5773 848.5281 921.9545 1000 1081.665 1166.19 1252.996 1341.641 1421.267 1500 1581.139 1664.332 1749.286 1835.756 1920.937 2000 2080.865 2163.331 2247.22 2332.381 2418.677 2500 2580.698 2662.705 2745.906 2830.194 2915.476 3000 3080.584 3162.278 3244.996 3328.663 3413.21 3498.571 3580.503 3661.967 3744.329 3827.532 3911.521 3996.248 4080.441 4161.73 4243.819 4326.662 4410.215 4494.441 4579.301 4661.545 4743.417 4825.971 4909.175 4992.995 5077.401 5161.395 5243.091 5325.411 5408.327 5491.812 5575.841 5660.389 5742.822 5824.946 5907.622 5990.826 6074.537 6158.733 6242.596 6324.555 6407.027 6489.992 -9999 -9999 -9999 -9999 -9999 -9999 -9999 -9999 -9999 -9999 -9999 -9999 -9999 -9999 -9999 -9999 -9999 -9999 -9999 -9999 
-9999 -9999 -9999 -9999 -9999 -9999 -9999 -9999 -9999 -9999 -9999 -9999 -9999 316.2278 412.3106 500 565.6854 640.3124 721.1102 806.2258 894.4272 984.8858 1063.015 1140.175 1220.656 1303.84 1389.244 1476.482 1562.05 1640.122 1720.465 1802.776 1886.796 1972.308 2059.126 2140.094 2220.36 2302.173 2385.372 2469.818 2555.386 2640.076 2720.294 2801.785 2884.441 2968.164 3052.867 3138.471 3220.249 3301.515 3383.785 3466.987 3551.056 3635.932 3720.215 3801.316 3883.298 3966.106 4049.691 4134.005 4219.004 4301.163 4382.921 4465.423 4548.626 4632.494 4716.991 4801.042 4882.622 4964.876 5047.772 5131.277 5215.362 5300 5382.378 5464.431 5547.071 5630.275 5714.018 5798.275 5882.176 5964.059 6046.487 6129.437 6212.89 6296.825 6381.223 6463.745 6545.991 -9999 -9999 -9999 -9999 -9999 -9999 -9999 -9999 -9999 -9999 -9999 -9999 -9999 -9999 -9999 -9999 -9999 -9999 -9999 -9999 
-9999 -9999 -9999 -9999 -9999 -9999 -9999 -9999 -9999 -9999 -9999 -9999 282.8427 360.5551 447.2136 538.5165 632.4555 707.1068 781.025 860.2325 943.3981 1029.563 1118.034 1204.159 1280.625 1360.147 1442.22 1526.434 1612.452 1700 1780.449 1860.108 1941.649 2024.846 2109.502 2195.45 2280.351 2360.085 2441.311 2523.886 2607.681 2692.583 2778.489 2860.07 2941.088 3023.243 3106.445 3190.611 3275.668 3360.06 3440.93 3522.783 3605.551 3689.173 3773.593 3858.756 3940.812 4022.437 4104.875 4188.078 4272.002 4356.604 4440.721 4522.167 4604.346 4687.217 4770.744 4854.895 4939.636 5021.952 5103.92 5186.521 5269.725 5353.503 5437.831 5521.775 5603.57 5685.948 5768.882 5852.35 5936.329 6020.797 6103.278 6185.467 6268.173 6351.378 6435.06 6519.203 6603.03 6685.058 -9999 -9999 -9999 -9999 -9999 -9999 -9999 -9999 -9999 -9999 -9999 -9999 -9999 -9999 -9999 -9999 -9999 -9999 -9999 
-9999 -9999 -9999 -9999 -9999 -9999 -9999 -9999 -9999 -9999 -9999 282.8427 360.5551 424.2641 500 583.0952 670.8204 761.5773 848.5281 921.9545 1000 1081.665 1166.19 1252.996 1341.641 1421.267 1500 1581.139 1664.332 1749.286 1835.756 1920.937 2000 2080.865 2163.331 2247.22 2332.381 2418.677 2500 2580.698 2662.705 2745.906 2830.194 2915.476 3000 3080.584 3162.278 3244.996 3328.663 3413.21 3498.571 3580.503 3661.967 3744.329 3827.532 3911.521 3996.248 4080.441 4161.73 4243.819 4326.662 4410.215 4494.441 4579.301 4661.545 4743.417 4825.971 4909.175 4992.995 5077.401 5161.395 5243.091 5325.411 5408.327 5491.812 5575.841 5660.389 5742.822 5824.946 5907.622 5990.826 6074.537 6158.733 6242.596 6324.555 6407.027 6489.992 6573.431 6657.327 6741.662 6824.222 -9999 -9999 -9999 -9999 -9999 -9999 -9999 -9999 -9999 -9999 -9999 -9999 -9999 -9999 -9999 -9999 -9999 -9999 
-9999 -9999 -9999 -9999 -9999 -9999 -9999 -9999 -9999 -9999 -9999 316.2278 412.3106 500 565.6854 640.3124 721.1102 806.2258 894.4272 984.8858 1063.015 1140.175 1220.656 1303.84 1389.244 1476.482 1562.05 1640.122 1720.465 1802.776 1886.796 1972.308 2059.126 2140.094 2220.36 2302.173 2385.372 2469.818 2555.386 2640.076 2720.294 2801.785 2884.441 2968.164 3052.867 3138.471 3220.249 3301.515 3383.785 3466.987 3551.056 3635.932 3720.215 3801.316 3883.298 3966.106 4049.691 4134.005 4219.004 4301.163 4382.921 4465.423 4548.626 4632.494 4716.991 4801.042 4882.622 4964.876 5047.772 5131.277 5215.362 5300 5382.378 5464.431 5547.071 5630.275 5714.018 5798.275 5882.176 5964.059 6046.487 6129.437 6212.89 6296.825 6381.223 6463.745 6545.991 6628.726 6711.93 6795.587 6879.68 -9999 -9999 -9999 -9999 -9999 -9999 -9999 -9999 -9999 -9999 -9999 -9999 -9999 -9999 -9999 -9999 -9999 -9999 
-9999 -9999 -9999 -9999 -9999 -9999 -9999 -9999 -9999 -9999 282.8427 360.5551 447.2136 538.5165 632.4555 707.1068 781.025 860.2325 943.3981 1029.563 1118.034 1204.159 1280.625 1360.147 1442.22 1526.434 1612.452 1700 1780.449 1860.108 1941.649 2024.846 2109.502 2195.45 2280.351 2360.085 2441.311 2523.886 2607.681 2692.583 2778.489 2860.07 2941.088 3023.243 3106.445 3190.611 3275.668 3360.06 3440.93 3522.783 3605.551 3689.173 3773.593 3858.756 3940.812 4022.437 4104.875 4188.078 4272.002 4356.604 4440.721 4522.167 4604.346 4687.217 4770.744 4854.895 4939.636 5021.952 5103.92 5186.521 5269.725 5353.503 5437.831 5521.775 5603.57 5685.948 5768.882 5852.35 5936.329 6020.797 6103.278 6185.467 6268.173 6351.378 6435.06 6519.203 6603.03 6685.058 6767.57 6850.547 6933.974 7017.834 -9999 -9999 -9999 -9999 -9999 -9999 -9999 -9999 -9999 -9999 -9999 -9999 -9999 -9999 -9999 -9999 -9999 
-9999 -9999 -9999 -9999 -9999 -9999 -9999 -9999 -9999 282.8427 360.5551 424.2641 500 583.0952 670.8204 761.5773 848.5281 921.9545 1000 1081.665 1166.19 1252.996 1341.641 1421.267 1500 1581.139 1664.332 1749.286 1835.756 1920.937 2000 2080.865 2163.331 2247.22 2332.381 2418.677 2500 2580.698 2662.705 2745.906 2830.194 2915.476 3000 3080.584 3162.278 3244.996 3328.663 3413.21 3498.571 3580.503 3661.967 3744.329 3827.532 3911.521 3996.248 4080.441 4161.73 4243.819 4326.662 4410.215 4494.441 4579.301 4661.545 4743.417 4825.971 4909.175 4992.995 5077.401 5161.395 5243.091 5325.411 5408.327 5491.812 5575.841 5660.389 5742.822 5824.946 5907.622 5990.826 6074.537 6158.733 6242.596 6324.555 6407.027 6489.992 6573.431 6657.327 6741.662 6824.222 6906.519 6989.277 7072.482 -9999 -9999 -9999 -9999 -9999 -9999 -9999 -9999 -9999 -9999 -9999 -9999 -9999 -9999 -9999 -9999 -9999 
-9999 -9999 -9999 -9999 -9999 -9999 -9999 -9999 -9999 316.2278 412.3106 500 565.6854 640.3124 721.1102 806.2258 894.4272 984.8858 1063.015 1140.175 1220.656 1303.84 1389.244 1476.482 1562.05 1640.122 1720.465 1802.776 1886.796 1972.308 2059.126 2140.094 2220.36 2302.173 2385.372 2469.818 2555.386 2640.076 2720.294 2801.785 2884.441 2968.164 3052.867 3138.471 3220.249 3301.515 3383.785 3466.987 3551.056 3635.932 3720.215 3801.316 3883.298 3966.106 4049.691 4134.005 4219.004 4301.163 4382.921 4465.423 4548.626 4632.494 4716.991 4801.042 4882.622 4964.876 5047.772 5131.277 5215.362 5300 5382.378 5464.431 5547.071 5630.275 5714.018 5798.275 5882.176 5964.059 6046.487 6129.437 6212.89 6296.825 6381.223 6463.745 6545.991 6628.726 6711.93 6795.587 6879.68 6963.476 7045.566 -9999 -9999 -9999 -9999 -9999 -9999 -9999 -9999 -9999 -9999 -9999 -9999 -9999 -9999 -9999 -9999 -9999 -9999 
-9999 -9999 -9999 -9999 -9999 -9999 -9999 -9999 282.8427 360.5551 447.2136 538.5165 632.4555 707.1068 781.025 860.2325 943.3981 1029.563 1118.034 1204.159 1280.625 1360.147 1442.22 1526.434 1612.452 1700 1780.449 1860.108 1941.649 2024.846 2109.502 2195.45 2280.351 2360.085 2441.311 2523.886 2607.681 2692.583 2778.489 2860.07 2941.088 3023.243 3106.445 3190.611 3275.668 3360.06 3440.93 3522.783 3605.551 3689.173 3773.593 3858.756 3940.812 4022.437 4104.875 4188.078 4272.002 4356.604 4440.721 4522.167 4604.346 4687.217 4770.744 4854.895 4939.636 5021.952 5103.92 5186.521 5269.725 5353.503 5437.831 5521.775 5603.57 5685.948 5768.882 5852.35 5936.329 6020.797 6103.278 6185.467 6268.173 6351.378 6435.06 6519.203 6603.03 6685.058 6767.57 6850.547 6933.974 7017.834 -9999 -9999 -9999 -9999 -9999 -9999 -9999 -9999 -9999 -9999 -9999 -9999 -9999 -9999 -9999 -9999 -9999 -9999 -9999 
-9999 -9999 -9999 -9999 -9999 -9999 -9999 282.8427 360.5551 424.2641 500 583.0952 670.8204 761.5773 848.5281 921.9545 1000 1081.665 1166.19 1252.996 1341.641 1421.267 1500 1581.139 1664.332 1749.286 1835.756 1920.937 2000 2080.865 2163.331 2247.22 2332.381 2418.677 2500 2580.698 2662.705 2745.906 2830.194 2915.476 3000 3080.584 3162.278 3244.996 3328.663 3413.21 3498.571 3580.503 3661.967 3744.329 3827.532 3911.521 3996.248 4080.441 4161.73 4243.819 4326.662 4410.215 4494.441 4579.301 4661.545 4743.417 4825.971 4909.175 4992.995 5077.401 5161.395 5243.091 5325.411 5408.327 5491.812 5575.841 5660.389 5742.822 5824.946 5907.622 5990.826 6074.537 6158.733 6242.596 6324.555 6407.027 6489.992 6573.431 6657.327 6741.662 6824.222 6906.519 6989.277 -9999 -9999 -9999 -9999 -9999 -9999 -9999 -9999 -9999 -9999 -9999 -9999 -9999 -9999 -9999 -9999 -9999 -9999 -9999 -9999 
-9999 -9999 -9999 -9999 -9999 -9999 -9999 316.2278 412.3106 500 565.6854 640.3124 721.1102 806.2258 894.4272 984.8858 1063.015 1140.175 1220.656 1303.84 1389.244 1476.482 1562.05 1640.122 1720.465 1802.776 1886.796 1972.308 2059.126 2140.094 2220.36 2302.173 2385.372 2469.818 2555.386 2640.076 2720.294 2801.785 2884.441 2968.164 3052.867 3138.471 3220.249 3301.515 3383.785 3466.987 3551.056 3635.932 3720.215 3801.316 3883.298 3966.106 4049.691 4134.005 4219.004 4301.163 4382.921 4465.423 4548.626 4632.494 4716.991 4801.042 4882.622 4964.876 5047.772 5131.277 5215.362 5300 5382.378 5464.431 5547.071 5630.275 5714.018 5798.275 5882.176 5964.059 6046.487 6129.437 6212.89 6296.825 6381.223 6463.745 6545.991 6628.726 6711.93 6795.587 6879.68 6963.476 -9999 -9999 -9999 -9999 -9999 -9999 -9999 -9999 -9999 -9999 -9999 -9999 -9999 -9999 -9999 -9999 -9999 -9999 -9999 -9999 -9999 
-9999 -9999 -9999 -9999 -9999 -9999 282.8427 360.5551 447.2136 538.5165 632.4555 707.1068 781.025 860.2325 943.3981 1029.563 1118.034 1204.159 1280.625 1360.147 1442.22 1526.434 1612.452 1700 1780.449 1860.108 1941.649 2024.846 2109.502 2195.45 2280.351 2360.085 2441.311 2523.886 2607.681 2692.583 2778.489 2860.07 2941.088 3023.243 3106.445 3190.611 3275.668 3360.06 3440.93 3522.783 3605.551 3689.173 3773.593 3858.756 3940.812 4022.437 4104.875 4188.078 4272.002 4356.604 4440.721 4522.167 4604.346 4687.217 4770.744 4854.895 4939.636 5021.952 5103.92 5186.521 5269.725 5353.503 5437.831 5521.775 5603.57 5685.948 5768.882 5852.35 5936.329 6020.797 6103.278 6185.467 6268.173 6351.378 6435.06 6519.203 6603.03 6685.058 6767.57 6850.547 6933.974 7017.834 -9999 -9999 -9999 -9999 -9999 -9999 -9999 -9999 -9999 -9999 -9999 -9999 -9999 -9999 -9999 -9999 -9999 -9999 -9999 -9999 -9999 
-9999 -9999 -9999 -9999 -9999 282.8427 360.5551 424.2641 500 583.0952 670.8204 761.5773 848.5281 921.9545 1000 1081.665 1166.19 1252.996 1341.641 1421.267 1500 1581.139 1664.332 1749.286 1835.756 1920.937 2000 2080.865 2163.331 2247.22 2332.381 2418.677 2500 2580.698 2662.705 2745.906 2830.194 2915.476 3000 3080.584 3162.278 3244.996 3328.663 3413.21 3498.571 3580.503 3661.967 3744.329 3827.532 3911.521 3996.248 4080.441 4161.73 4243.819 4326.662 4410.215 4494.441 4579.301 4661.545 4743.417 4825.971 4909.175 4992.995 5077.401 5161.395 5243.091 5325.411 5408.327 5491.812 5575.841 5660.389 5742.822 5824.946 5907.622 5990.826 6074.537 6158.733 6242.596 6324.555 6407.027 6489.992 6573.431 6657.327 6741.662 6824.222 6906.519 6989.277 -9999 -9999 -9999 -9999 -9999 -9999 -9999 -9999 -9999 -9999 -9999 -9999 -9999 -9999 -9999 -9999 -9999 -9999 -9999 -9999 -9999 -9999 
-9999 -9999 -9999 -9999 -9999 316.2278 412.3106 500 565.6854 640.3124 721.1102 806.2258 894.4272 984.8858 1063.015 1140.175 1220.656 1303.84 1389.244 1476.482 1562.05 1640.122 1720.465 1802.776 1886.796 1972.308 2059.126 2140.094 2220.36 2302.173 2385.372 2469.818 2555.386 2640.076 2720.294 2801.785 2884.441 2968.164 3052.867 3138.471 3220.249 3301.515 3383.785 3466.987 3551.056 3635.932 3720.215 3801.316 3883.298 3966.106 4049.691 4134.005 4219.004 4301.163 4382.921 4465.423 4548.626 4632.494 4716.991 4801.042 4882.622 4964.876 5047.772 5131.277 5215.362 5300 5382.378 5464.431 5547.071 5630.275 5714.018 5798.275 5882.176 5964.059 6046.487 6129.437 6212.89 6296.825 6381.223 6463.745 6545.991 6628.726 6711.93 6795.587 6879.68 6963.476 7045.566 -9999 -9999 -9999 -9999 -9999 -9999 -9999 -9999 -9999 -9999 -9999 -9999 -9999 -9999 -9999 -9999 -9999 -9999 -9999 -9999 -9999 -9999 
-9999 -9999 -9999 -9999 282.8427 360.5551 447.2136 538.5165 632.4555 707.1068 781.025 860.2325 943.3981 1029.563 1118.034 1204.159 1280.625 1360.147 1442.22 1526.434 1612.452 1700 1780.449 1860.108 1941.649 2024.846 2109.502 2195.45 2280.351 2360.085 2441.311 2523.886 2607.681 2692.583 2778.489 2860.07 2941.088 3023.243 3106.445 3190.611 3275.668 3360.06 3440.93 3522.783 3605.551 3689.173 3773.593 3858.756 3940.812 4022.437 4104.875 4188.078 4272.002 4356.604 4440.721 4522.167 4604.346 4687.217 4770.744 4854.895 4939.636 5021.952 5103.92 5186.521 5269.725 5353.503 5437.831 5521.775 5603.57 5685.948 5768.882 5852.35 5936.329 6020.797 6103.278 6185.467 6268.173 6351.378 6435.06 6519.203 6603.03 6685.058 6767.57 6850.547 6933.974 7017.834 7102.112 -9999 -9999 -9999 -9999 -9999 -9999 -9999 -9999 -9999 -9999 -9999 -9999 -9999 -9999 -9999 -9999 -9999 -9999 -9999 -9999 -9999 -9999 
-9999 -9999 -9999 282.8427 360.5551 424.2641 500 583.0952 670.8204 761.5773 848.5281 921.9545 1000 1081.665 1166.19 1252.996 1341.641 1421.267 1500 1581.139 1664.332 1749.286 1835.756 1920.937 2000 2080.865 2163.331 2247.22 2332.381 2418.677 2500 2580.698 2662.705 2745.906 2830.194 2915.476 3000 3080.584 3162.278 3244.996 3328.663 3413.21 3498.571 3580.503 3661.967 3744.329 3827.532 3911.521 3996.248 4080.441 4161.73 4243.819 4326.662 4410.215 4494.441 4579.301 4661.545 4743.417 4825.971 4909.175 4992.995 5077.401 5161.395 5243.091 5325.411 5408.327 5491.812 5575.841 5660.389 5742.822 5824.946 5907.622 5990.826 6074.537 6158.733 6242.596 6324.555 6407.027 6489.992 6573.431 6657.327 6741.662 6824.222 6906.519 6989.277 7072.482 7156.116 -9999 -9999 -9999 -9999 -9999 -9999 -9999 -9999 -9999 -9999 -9999 -9999 -9999 -9999 -9999 -9999 -9999 -9999 -9999 -9999 -9999 -9999 
-9999 -9999 -9999 316.2278 412.3106 500 565.6854 640.3124 721.1102 806.2258 894.4272 984.8858 1063.015 1140.175 1220.656 1303.84 1389.244 1476.482 1562.05 1640.122 1720.465 1802.776 1886.796 1972.308 2059.126 2140.094 2220.36 2302.173 2385.372 2469.818 2555.386 2640.076 2720.294 2801.785 2884.441 2968.164 3052.867 3138.471 3220.249 3301.515 3383.785 3466.987 3551.056 3635.932 3720.215 3801.316 3883.298 3966.106 4049.691 4134.005 4219.004 4301.163 4382.921 4465.423 4548.626 4632.494 4716.991 4801.042 4882.622 4964.876 5047.772 5131.277 5215.362 5300 5382.378 5464.431 5547.071 5630.275 5714.018 5798.275 5882.176 5964.059 6046.487 6129.437 6212.89 6296.825 6381.223 6463.745 6545.991 6628.726 6711.93 6795.587 6879.68 6963.476 7045.566 7128.113 7211.103 -9999 -9999 -9999 -9999 -9999 -9999 -9999 -9999 -9999 -9999 -9999 -9999 -9999 -9999 -9999 -9999 -9999 -9999 -9999 -9999 -9999 -9999 
-9999 -9999 282.8427 360.5551 447.2136 538.5165 632.4555 707.1068 781.025 860.2325 943.3981 1029.563 1118.034 1204.159 1280.625 1360.147 1442.22 1526.434 1612.452 1700 1780.449 1860.108 1941.649 2024.846 2109.502 2195.45 2280.351 2360.085 2441.311 2523.886 2607.681 2692.583 2778.489 2860.07 2941.088 3023.243 3106.445 3190.611 3275.668 3360.06 3440.93 3522.783 3605.551 3689.173 3773.593 3858.756 3940.812 4022.437 4104.875 4188.078 4272.002 4356.604 4440.721 4522.167 4604.346 4687.217 4770.744 4854.895 4939.636 5021.952 5103.92 5186.521 5269.725 5353.503 5437.831 5521.775 5603.57 5685.948 5768.882 5852.35 5936.329 6020.797 6103.278 6185.467 6268.173 6351.378 6435.06 6519.203 6603.03 6685.058 6767.57 6850.547 6933.974 7017.834 7102.112 7184.706 7267.049 -9999 -9999 -9999 -9999 -9999 -9999 -9999 -9999 -9999 -9999 -9999 -9999 -9999 -9999 -9999 -9999 -9999 -9999 -9999 -9999 -9999 -9999 
-9999 282.8427 360.5551 424.2641 500 583.0952 670.8204 761.5773 848.5281 921.9545 1000 1081.665 1166.19 1252.996 1341.641 1421.267 1500 1581.139 1664.332 1749.286 1835.756 1920.937 2000 2080.865 2163.331 2247.22 2332.381 2418.677 2500 2580.698 2662.705 2745.906 2830.194 2915.476 3000 3080.584 3162.278 3244.996 3328.663 3413.21 3498.571 3580.503 3661.967 3744.329 3827.532 3911.521 3996.248 4080.441 4161.73 4243.819 4326.662 4410.215 4494.441 4579.301 4661.545 4743.417 4825.971 4909.175 4992.995 5077.401 5161.395 5243.091 5325.411 5408.327 5491.812 5575.841 5660.389 5742.822 5824.946 5907.622 5990.826 6074.537 6158.733 6242.596 6324.555 6407.027 6489.992 6573.431 6657.327 6741.662 6824.222 6906.519 6989.277 7072.482 7156.116 7240.166 7323.934 -9999 -9999 -9999 -9999 -9999 -9999 -9999 -9999 -9999 -9999 -9999 -9999 -9999 -9999 -9999 -9999 -9999 -9999 -9999 -9999 -9999 -9999 
-9999 316.2278 412.3106 500 565.6854 640.3124 721.1102 806.2258 894.4272 984.8858 1063.015 1140.175 1220.656 1303.84 1389.244 1476.482 1562.05 1640.122 1720.465 1802.776 1886.796 1972.308 2059.126 2140.094 2220.36 2302.173 2385.372 2469.818 2555.386 2640.076 2720.294 2801.785 2884.441 2968.164 3052.867 3138.471 3220.249 3301.515 3383.785 3466.987 3551.056 3635.932 3720.215 3801.316 3883.298 3966.106 4049.691 4134.005 4219.004 4301.163 4382.921 4465.423 4548.626 4632.494 4716.991 4801.042 4882.622 4964.876 5047.772 5131.277 5215.362 5300 5382.378 5464.431 5547.071 5630.275 5714.018 5798.275 5882.176 5964.059 6046.487 6129.437 6212.89 6296.825 6381.223 6463.745 6545.991 6628.726 6711.93 6795.587 6879.68 6963.476 7045.566 7128.113 7211.103 7294.519 7378.347 7462.573 -9999 -9999 -9999 -9999 -9999 -9999 -9999 -9999 -9999 -9999 -9999 -9999 -9999 -9999 -9999 -9999 -9999 -9999 -9999 -9999 -9999 
-9999 360.5551 447.2136 538.5165 632.4555 707.1068 781.025 860.2325 943.3981 1029.563 1118.034 1204.159 1280.625 1360.147 1442.22 1526.434 1612.452 1700 1780.449 1860.108 1941.649 2024.846 2109.502 2195.45 2280.351 2360.085 2441.311 2523.886 2607.681 2692.583 2778.489 2860.07 2941.088 3023.243 3106.445 3190.611 3275.668 3360.06 3440.93 3522.783 3605.551 3689.173 3773.593 3858.756 3940.812 4022.437 4104.875 4188.078 4272.002 4356.604 4440.721 4522.167 4604.346 4687.217 4770.744 4854.895 4939.636 5021.952 5103.92 5186.521 5269.725 5353.503 5437.831 5521.775 5603.57 5685.948 5768.882 5852.35 5936.329 6020.797 6103.278 6185.467 6268.173 6351.378 6435.06 6519.203 6603.03 6685.058 6767.57 6850.547 6933.974 7017.834 7102.112 7184.706 7267.049 7349.83 7433.034 7516.648 -9999 -9999 -9999 -9999 -9999 -9999 -9999 -9999 -9999 -9999 -9999 -9999 -9999 -9999 -9999 -9999 -9999 -9999 -9999 -9999 -9999 
360.5551 424.2641 500 583.0952 670.8204 761.5773 848.5281 921.9545 1000 1081.665 1166.19 1252.996 1341.641 1421.267 1500 1581.139 1664.332 1749.286 1835.756 1920.937 2000 2080.865 2163.331 2247.22 2332.381 2418.677 2500 2580.698 2662.705 2745.906 2830.194 2915.476 3000 3080.584 3162.278 3244.996 3328.663 3413.21 3498.571 3580.503 3661.967 3744.329 3827.532 3911.521 3996.248 4080.441 4161.73 4243.819 4326.662 4410.215 4494.441 4579.301 4661.545 4743.417 4825.971 4909.175 4992.995 5077.401 5161.395 5243.091 5325.411 5408.327 5491.812 5575.841 5660.389 5742.822 5824.946 5907.622 5990.826 6074.537 6158.733 6242.596 6324.555 6407.027 6489.992 6573.431 6657.327 6741.662 6824.222 6906.519 6989.277 7072.482 7156.116 7240.166 7323.934 7406.079 7488.658 7571.658 7655.063 -9999 -9999 -9999 -9999 -9999 -9999 -9999 -9999 -9999 -9999 -9999 -9999 -9999 -9999 -9999 -9999 -9999 -9999 -9999 -9999 
412.3106 500 565.6854 640.3124 721.1102 806.2258 894.4272 984.8858 1063.015 1140.175 1220.656 1303.84 1389.244 1476.482 1562.05 1640.122 1720.465 1802.776 1886.796 1972.308 2059.126 2140.094 2220.36 2302.173 2385.372 2469.818 2555.386 2640.076 2720.294 2801.785 2884.441 2968.164 3052.867 3138.471 3220.249 3301.515 3383.785 3466.987 3551.056 3635.932 3720.215 3801.316 3883.298 3966.106 4049.691 4134.005 4219.004 4301.163 4382.921 4465.423 4548.626 4632.494 4716.991 4801.042 4882.622 4964.876 5047.772 5131.277 5215.362 5300 5382.378 5464.431 5547.071 5630.275 5714.018 5798.275 5882.176 5964.059 6046.487 6129.437 6212.89 6296.825 6381.223 6463.745 6545.991 6628.726 6711.93 6795.587 6879.68 6963.476 7045.566 7128.113 7211.103 7294.519 7378.347 7462.573 7545.197 7627.582 7710.383 -9999 -9999 -9999 -9999 -9999 -9999 -9999 -9999 -9999 -9999 -9999 -9999 -9999 -9999 -9999 -9999 -9999 -9999 -9999 -9999 
-9999 -9999 -9999 707.1068 781.025 860.2325 943.3981 1029.563 1118.034 1204.159 1280.625 1360.147 1442.22 1526.434 1612.452 1700 1780.449 1860.108 1941.649 2024.846 2109.502 2195.45 2280.351 2360.085 2441.311 2523.886 2607.681 2692.583 2778.489 2860.07 2941.088 3023.243 3106.445 3190.611 3275.668 3360.06 3440.93 3522.783 3605.551 3689.173 3773.593 3858.756 3940.812 4022.437 4104.875 4188.078 4272.002 4356.604 4440.721 4522.167 4604.346 4687.217 4770.744 4854.895 4939.636 5021.952 5103.92 5186.521 5269.725 5353.503 5437.831 5521.775 5603.57 5685.948 5768.882 5852.35 5936.329 6020.797 6103.278 6185.467 6268.173 6351.378 6435.06 6519.203 6603.03 6685.058 6767.57 6850.547 6933.974 7017.834 7102.112 7184.706 7267.049 7349.83 7433.034 7516.648 7600.658 7684.4 7766.595 7849.204 -9999 -9999 -9999 -9999 -9999 -9999 -9999 -9999 -9999 -9999 -9999 -9999 -9999 -9999 -9999 -9999 -9999 -9999 -9999 
-9999 -9999 -9999 -9999 848.5281 921.9545 1000 1081.665 1166.19 1252.996 1341.641 1421.267 1500 1581.139 1664.332 1749.286 1835.756 1920.937 2000 2080.865 2163.331 2247.22 2332.381 2418.677 2500 2580.698 2662.705 2745.906 2830.194 2915.476 3000 3080.584 3162.278 3244.996 3328.663 3413.21 3498.571 3580.503 3661.967 3744.329 3827.532 3911.521 3996.248 4080.441 4161.73 4243.819 4326.662 4410.215 4494.441 4579.301 4661.545 4743.417 4825.971 4909.175 4992.995 5077.401 5161.395 5243.091 5325.411 5408.327 5491.812 5575.841 5660.389 5742.822 5824.946 5907.622 5990.826 6074.537 6158.733 6242.596 6324.555 6407.027 6489.992 6573.431 6657.327 6741.662 6824.222 6906.519 6989.277 7072.482 7156.116 7240.166 7323.934 7406.079 7488.658 7571.658 7655.063 7738.863 7823.043 7905.694 -9999 -9999 -9999 -9999 -9999 -9999 -9999 -9999 -9999 -9999 -9999 -9999 -9999 -9999 -9999 -9999 -9999 -9999 -9999 
-9999 -9999 -9999 -9999 894.4272 984.8858 1063.015 1140.175 1220.656 1303.84 1389.244 1476.482 1562.05 1640.122 1720.465 1802.776 1886.796 1972.308 2059.126 2140.094 2220.36 2302.173 2385.372 2469.818 2555.386 2640.076 2720.294 2801.785 2884.441 2968.164 3052.867 3138.471 3220.249 3301.515 3383.785 3466.987 3551.056 3635.932 3720.215 3801.316 3883.298 3966.106 4049.691 4134.005 4219.004 4301.163 4382.921 4465.423 4548.626 4632.494 4716.991 4801.042 4882.622 4964.876 5047.772 5131.277 5215.362 5300 5382.378 5464.431 5547.071 5630.275 5714.018 5798.275 5882.176 5964.059 6046.487 6129.437 6212.89 6296.825 6381.223 6463.745 6545.991 6628.726 6711.93 6795.587 6879.68 6963.476 7045.566 7128.113 7211.103 7294.519 7378.347 7462.573 7545.197 7627.582 7710.383 7793.587 7877.182 7961.156 8044.874 -9999 -9999 -9999 -9999 -9999 -9999 -9999 -9999 -9999 -9999 -9999 -9999 -9999 -9999 -9999 -9999 -9999 -9999 
-9999 -9999 -9999 -9999 -9999 1029.563 1118.034 1204.159 1280.625 1360.147 1442.22 1526.434 1612.452 1700 1780.449 1860.108 1941.649 2024.846 2109.502 2195.45 2280.351 2360.085 2441.311 2523.886 2607.681 2692.583 2778.489 2860.07 2941.088 3023.243 3106.445 3190.611 3275.668 3360.06 3440.93 3522.783 3605.551 3689.173 3773.593 3858.756 3940.812 4022.437 4104.875 4188.078 4272.002 4356.604 4440.721 4522.167 4604.346 4687.217 4770.744 4854.895 4939.636 5021.952 5103.92 5186.521 5269.725 5353.503 5437.831 5521.775 5603.57 5685.948 5768.882 5852.35 5936.329 6020.797 6103.278 6185.467 6268.173 6351.378 6435.06 6519.203 6603.03 6685.058 6767.57 6850.547 6933.974 7017.834 7102.112 7184.706 7267.049 7349.83 7433.034 7516.648 7600.658 7684.4 7766.595 7849.204 7932.213 8015.61 -9999 -9999 -9999 -9999 -9999 -9999 -9999 -9999 -9999 -9999 -9999 -9999 -9999 -9999 -9999 -9999 -9999 -9999 -9999 
-9999 -9999 -9999 -9999 -9999 1081.665 1166.19 1252.996 1341.641 1421.267 1500 1581.139 1664.332 1749.286 1835.756 1920.937 2000 2080.865 2163.331 2247.22 2332.381 2418.677 2500 2580.698 2662.705 2745.906 2830.194 2915.476 3000 3080.584 3162.278 3244.996 3328.663 3413.21 3498.571 3580.503 3661.967 3744.329 3827.532 3911.521 3996.248 4080.441 4161.73 4243.819 4326.662 4410.215 4494.441 4579.301 4661.545 4743.417 4825.971 4909.175 4992.995 5077.401 5161.395 5243.091 5325.411 5408.327 5491.812 5575.841 5660.389 5742.822 5824.946 5907.622 5990.826 6074.537 6158.733 6242.596 6324.555 6407.027 6489.992 6573.431 6657.327 6741.662 6824.222 6906.519 6989.277 7072.482 7156.116 7240.166 7323.934 7406.079 7488.658 7571.658 7655.063 7738.863 7823.043 7905.694 7988.116 8070.936 -9999 -9999 -9999 -9999 -9999 -9999 -9999 -9999 -9999 -9999 -9999 -9999 -9999 -9999 -9999 -9999 -9999 -9999 -9999 
-9999 -9999 -9999 -9999 -9999 -9999 1220.656 1303.84 1389.244 1476.482 1562.05 1640.122 1720.465 1802.776 1886.796 1972.308 2059.126 2140.094 2220.36 2302.173 2385.372 2469.818 2555.386 2640.076 2720.294 2801.785 2884.441 2968.164 3052.867 3138.471 3220.249 3301.515 3383.785 3466.987 3551.056 3635.932 3720.215 3801.316 3883.298 3966.106 4049.691 4134.005 4219.004 4301.163 4382.921 4465.423 4548.626 4632.494 4716.991 4801.042 4882.622 4964.876 5047.772 5131.277 5215.362 5300 5382.378 5464.431 5547.071 5630.275 5714.018 5798.275 5882.176 5964.059 6046.487 6129.437 6212.89 6296.825 6381.223 6463.745 6545.991 6628.726 6711.93 6795.587 6879.68 6963.476 7045.566 7128.113 7211.103 7294.519 7378.347 7462.573 7545.197 7627.582 7710.383 7793.587 7877.182 7961.156 8044.874 8127.115 -9999 -9999 -9999 -9999 -9999 -9999 -9999 -9999 -9999 -9999 -9999 -9999 -9999 -9999 -9999 -9999 -9999 -9999 -9999 
-9999 -9999 -9999 -9999 -9999 -9999 1280.625 1360.147 1442.22 1526.434 1612.452 1700 1780.449 1860.108 1941.649 2024.846 2109.502 2195.45 2280.351 2360.085 2441.311 2523.886 2607.681 2692.583 2778.489 2860.07 2941.088 3023.243 3106.445 3190.611 3275.668 3360.06 3440.93 3522.783 3605.551 3689.173 3773.593 3858.756 3940.812 4022.437 4104.875 4188.078 4272.002 4356.604 4440.721 4522.167 4604.346 4687.217 4770.744 4854.895 4939.636 5021.952 5103.92 5186.521 5269.725 5353.503 5437.831 5521.775 5603.57 5685.948 5768.882 5852.35 5936.329 6020.797 6103.278 6185.467 6268.173 6351.378 6435.06 6519.203 6603.03 6685.058 6767.57 6850.547 6933.974 7017.834 7102.112 7184.706 7267.049 7349.83 7433.034 7516.648 7600.658 7684.4 7766.595 7849.204 7932.213 8015.61 8099.383 -9999 -9999 -9999 -9999 -9999 -9999 -9999 -9999 -9999 -9999 -9999 -9999 -9999 -9999 -9999 -9999 -9999 -9999 -9999 -9999 
-9999 -9999 -9999 -9999 -9999 -9999 -9999 1421.267 1500 1581.139 1664.332 1749.286 1835.756 1920.937 2000 2080.865 2163.331 2247.22 2332.381 2418.677 2500 2580.698 2662.705 2745.906 2830.194 2915.476 3000 3080.584 3162.278 3244.996 3328.663 3413.21 3498.571 3580.503 3661.967 3744.329 3827.532 3911.521 3996.248 4080.441 4161.73 4243.819 4326.662 4410.215 4494.441 4579.301 4661.545 4743.417 4825.971 4909.175 4992.995 5077.401 5161.395 5243.091 5325.411 5408.327 5491.812 5575.841 5660.389 5742.822 5824.946 5907.622 5990.826 6074.537 6158.733 6242.596 6324.555 6407.027 6489.992 6573.431 6657.327 6741.662 6824.222 6906.519 6989.277 7072.482 7156.116 7240.166 7323.934 7406.079 7488.658 7571.658 7655.063 7738.863 7823.043 7905.694 7988.116 8070.936 8154.14 -9999 -9999 -9999 -9999 -9999 -9999 -9999 -9999 -9999 -9999 -9999 -9999 -9999 -9999 -9999 -9999 -9999 -9999 -9999 -9999 
-9999 -9999 -9999 -9999 -9999 -9999 -9999 1476.482 1562.05 1640.122 1720.465 1802.776 1886.796 1972.308 2059.126 2140.094 2220.36 2302.173 2385.372 2469.818 2555.386 2640.076 2720.294 2801.785 2884.441 2968.164 3052.867 3138.471 3220.249 3301.515 3383.785 3466.987 3551.056 3635.932 3720.215 3801.316 3883.298 3966.106 4049.691 4134.005 4219.004 4301.163 4382.921 4465.423 4548.626 4632.494 4716.991 4801.042 4882.622 4964.876 5047.772 5131.277 5215.362 5300 5382.378 5464.431 5547.071 5630.275 5714.018 5798.275 5882.176 5964.059 6046.487 6129.437 6212.89 6296.825 6381.223 6463.745 6545.991 6628.726 6711.93 6795.587 6879.68 6963.476 7045.566 7128.113 7211.103 7294.519 7378.347 7462.573 7545.197 7627.582 7710.383 7793.587 7877.182 7961.156 8044.874 8127.115 8209.75 -9999 -9999 -9999 -9999 -9999 -9999 -9999 -9999 -9999 -9999 -9999 -9999 -9999 -9999 -9999 -9999 -9999 -9999 -9999 -9999 
-9999 -9999 -9999 -9999 -9999 -9999 -9999 -9999 1581.139 1676.305 1772.005 1860.108 1941.649 2024.846 2109.502 2195.45 2280.351 2360.085 2441.311 2523.886 2607.681 2692.583 2778.489 2860.07 2941.088 3023.243 3106.445 3190.611 3275.668 3360.06 3440.93 3522.783 3605.551 3689.173 3773.593 3858.756 3940.812 4022.437 4104.875 4188.078 4272.002 4356.604 4440.721 4522.167 4604.346 4687.217 4770.744 4854.895 4939.636 5021.952 5103.92 5186.521 5269.725 5353.503 5437.831 5521.775 5603.57 5685.948 5768.882 5852.35 5936.329 6020.797 6103.278 6185.467 6268.173 6351.378 6435.06 6519.203 6603.03 6685.058 6767.57 6850.547 6933.974 7017.834 7102.112 7184.706 7267.049 7349.83 7433.034 7516.648 7600.658 7684.4 7766.595 7849.204 7932.213 8015.61 8099.383 8183.52 -9999 -9999 -9999 -9999 -9999 -9999 -9999 -9999 -9999 -9999 -9999 -9999 -9999 -9999 -9999 -9999 -9999 -9999 -9999 -9999 -9999 
-9999 -9999 -9999 -9999 -9999 -9999 -9999 -9999 1552.417 1649.242 1746.425 1843.909 1941.649 2039.608 2137.756 2236.068 2332.381 2418.677 2500 2580.698 2662.705 2745.906 2830.194 2915.476 3000 3080.584 3162.278 3244.996 3328.663 3413.21 3498.571 3580.503 3661.967 3744.329 3827.532 3911.521 3996.248 4080.441 4161.73 4243.819 4326.662 4410.215 4494.441 4579.301 4661.545 4743.417 4825.971 4909.175 4992.995 5077.401 5161.395 5243.091 5325.411 5408.327 5491.812 5575.841 5660.389 5742.822 5824.946 5907.622 5990.826 6074.537 6158.733 6242.596 6324.555 6407.027 6489.992 6573.431 6657.327 6741.662 6824.222 6906.519 6989.277 7072.482 7156.116 7240.166 7323.934 7406.079 7488.658 7571.658 7655.063 7738.863 7823.043 7905.694 7988.116 8070.936 8154.14 8237.718 -9999 -9999 -9999 -9999 -9999 -9999 -9999 -9999 -9999 -9999 -9999 -9999 -9999 -9999 -9999 -9999 -9999 -9999 -9999 -9999 -9999 
-9999 -9999 -9999 -9999 -9999 -9999 -9999 -9999 -9999 1627.882 1726.268 1824.829 1923.538 2022.375 2109.502 2195.45 2282.542 2370.654 2459.675 2549.51 2640.076 2731.3 2823.119 2915.476 3008.322 3101.613 3195.309 3289.377 3383.785 3466.987 3551.056 3635.932 3720.215 3801.316 3883.298 3966.106 4049.691 4134.005 4219.004 4301.163 4382.921 4465.423 4548.626 4632.494 4716.991 4801.042 4882.622 4964.876 5047.772 5131.277 5215.362 5300 5382.378 5464.431 5547.071 5630.275 5714.018 5798.275 5882.176 5964.059 6046.487 6129.437 6212.89 6296.825 6381.223 6463.745 6545.991 6628.726 6711.93 6795.587 6879.68 6963.476 7045.566 7128.113 7211.103 7294.519 7378.347 7462.573 7545.197 7627.582 7710.383 7793.587 7877.182 7961.156 8044.874 8127.115 8209.75 -9999 -9999 -9999 -9999 -9999 -9999 -9999 -9999 -9999 -9999 -9999 -9999 -9999 -9999 -9999 -9999 -9999 -9999 -9999 -9999 -9999 -9999 
-9999 -9999 -9999 -9999 -9999 -9999 -9999 -9999 -9999 -9999 1711.724 1802.776 1886.796 1972.308 2059.126 2147.091 2236.068 2325.941 2416.609 2507.987 2600 2692.583 2785.678 2879.236 2973.214 3067.572 3162.278 3257.3 3352.611 3448.188 3544.009 3640.055 3733.631 3827.532 3921.734 4016.217 4104.875 4188.078 4272.002 4356.604 4440.721 4522.167 4604.346 4687.217 4770.744 4854.895 4939.636 5021.952 5103.92 5186.521 5269.725 5353.503 5437.831 5521.775 5603.57 5685.948 5768.882 5852.35 5936.329 6020.797 6103.278 6185.467 6268.173 6351.378 6435.06 6519.203 6603.03 6685.058 6767.57 6850.547 6933.974 7017.834 7102.112 7184.706 7267.049 7349.83 7433.034 7516.648 7600.658 7684.4 7766.595 7849.204 7932.213 8015.61 8099.383 8183.52 8266.196 -9999 -9999 -9999 -9999 -9999 -9999 -9999 -9999 -9999 -9999 -9999 -9999 -9999 -9999 -9999 -9999 -9999 -9999 -9999 -9999 -9999 -9999 
-9999 -9999 -9999 -9999 -9999 -9999 -9999 -9999 -9999 -9999 -9999 1749.286 1835.756 1923.538 2012.461 2102.38 2193.171 2284.732 2376.973 2469.818 2563.201 2657.066 2751.363 2846.05 2941.088 3036.445 3132.092 3228.002 3324.154 3417.602 3511.41 3605.551 3700 3794.733 3889.73 3984.972 4080.441 4176.123 4272.002 4368.066 4464.303 4560.702 4657.252 4743.417 4825.971 4909.175 4992.995 5077.401 5161.395 5243.091 5325.411 5408.327 5491.812 5575.841 5660.389 5742.822 5824.946 5907.622 5990.826 6074.537 6158.733 6242.596 6324.555 6407.027 6489.992 6573.431 6657.327 6741.662 6824.222 6906.519 6989.277 7072.482 7156.116 7240.166 7323.934 7406.079 7488.658 7571.658 7655.063 7738.863 7823.043 7905.694 7988.116 8070.936 8154.14 8237.718 -9999 -9999 -9999 -9999 -9999 -9999 -9999 -9999 -9999 -9999 -9999 -9999 -9999 -9999 -9999 -9999 -9999 -9999 -9999 -9999 -9999 -9999 -9999 
-9999 -9999 -9999 -9999 -9999 -9999 -9999 -9999 -9999 -9999 -9999 -9999 1788.854 1878.829 1969.772 2061.553 2154.066 2247.22 2340.94 2435.159 2529.822 2624.881 2720.294 2816.026 2912.044 3008.322 3101.613 3195.309 3289.377 3383.785 3478.505 3573.514 3668.787 3764.306 3860.052 3956.008 4052.16 4148.494 4244.997 4341.659 4438.468 4535.416 4632.494 4729.693 4827.007 4924.429 5021.952 5119.57 5215.362 5300 5382.378 5464.431 5547.071 5630.275 5714.018 5798.275 5882.176 5964.059 6046.487 6129.437 6212.89 6296.825 6381.223 6463.745 6545.991 6628.726 6711.93 6795.587 6879.68 6963.476 7045.566 7128.113 7211.103 7294.519 7378.347 7462.573 7545.197 7627.582 7710.383 7793.587 7877.182 7961.156 8044.874 8127.115 8209.75 8292.768 -9999 -9999 -9999 -9999 -9999 -9999 -9999 -9999 -9999 -9999 -9999 -9999 -9999 -9999 -9999 -9999 -9999 -9999 -9999 -9999 -9999 -9999 -9999 
-9999 -9999 -9999 -9999 -9999 -9999 -9999 -9999 -9999 -9999 -9999 -9999 -9999 1838.478 1931.321 2024.846 2118.962 2213.594 2308.679 2404.163 2500 2596.151 2692.583 2785.678 2879.236 2973.214 3067.572 3162.278 3257.3 3352.611 3448.188 3544.009 3640.055 3736.308 3832.754 3929.376 4026.164 4123.105 4220.189 4317.407 4414.748 4512.206 4609.772 4707.441 4805.206 4903.06 5001 5099.02 5197.115 5295.281 5393.515 5491.812 5590.17 5685.948 5768.882 5852.35 5936.329 6020.797 6103.278 6185.467 6268.173 6351.378 6435.06 6519.203 6603.03 6685.058 6767.57 6850.547 6933.974 7017.834 7102.112 7184.706 7267.049 7349.83 7433.034 7516.648 7600.658 7684.4 7766.595 7849.204 7932.213 8015.61 8099.383 8183.52 8266.196 8348.652 -9999 -9999 -9999 -9999 -9999 -9999 -9999 -9999 -9999 -9999 -9999 -9999 -9999 -9999 -9999 -9999 -9999 -9999 -9999 -9999 -9999 -9999 -9999 
-9999 -9999 -9999 -9999 -9999 -9999 -9999 -9999 -9999 -9999 -9999 -9999 -9999 -9999 1897.367 1992.486 2088.061 2184.033 2280.351 2376.973 2469.818 2563.201 2657.066 2751.363 2846.05 2941.088 3036.445 3132.092 3228.002 3324.154 3420.526 3517.101 3613.862 3710.795 3807.886 3905.125 4002.499 4100 4197.618 4295.346 4393.177 4491.103 4589.118 4687.217 4785.395 4883.646 4981.967 5080.354 5178.803 5277.31 5375.872 5474.486 5573.15 5671.86 5770.615 5869.412 5961.543 6053.924 6146.544 6239.391 6324.555 6407.027 6489.992 6573.431 6657.327 6741.662 6824.222 6906.519 6989.277 7072.482 7156.116 7240.166 7323.934 7406.079 7488.658 7571.658 7655.063 7738.863 7823.043 7905.694 7988.116 8070.936 8154.14 8237.718 8321.658 8405.355 -9999 -9999 -9999 -9999 -9999 -9999 -9999 -9999 -9999 -9999 -9999 -9999 -9999 -9999 -9999 -9999 -9999 -9999 -9999 -9999 -9999 -9999 -9999 
-9999 -9999 -9999 -9999 -9999 -9999 -9999 -9999 -9999 -9999 -9999 -9999 -9999 -9999 -9999 -9999 2061.553 2154.066 2247.22 2340.94 2435.159 2529.822 2624.881 2720.294 2816.026 2912.044 3008.322 3104.835 3201.562 3298.485 3395.585 3492.85 3590.265 3687.818 -9999 -9999 -9999 -9999 -9999 -9999 -9999 -9999 -9999 -9999 -9999 4866.21 4964.876 5063.596 5162.364 5261.179 5360.037 5458.938 5554.278 5646.238 5738.467 5830.952 5923.681 6016.644 6109.828 6203.225 6296.825 6390.618 6484.597 6576.473 6664.833 6753.518 6842.514 6931.811 7021.396 7111.259 7200.694 7289.719 7378.347 7462.573 7545.197 7627.582 7710.383 7793.587 7877.182 7961.156 8044.874 8127.115 8209.75 8292.768 8376.156 8459.905 -9999 -9999 -9999 -9999 -9999 -9999 -9999 -9999 -9999 -9999 -9999 -9999 -9999 -9999 -9999 -9999 -9999 -9999 -9999 -9999 -9999 -9999 -9999 
-9999 -9999 -9999 -9999 -9999 -9999 -9999 -9999 -9999 -9999 -9999 -9999 -9999 -9999 -9999 -9999 -9999 -9999 -9999 2308.679 2404.163 2500 2596.151 2692.583 2789.265 2886.174 2983.287 3080.584 3178.05 3275.668 3373.426 -9999 -9999 -9999 -9999 -9999 -9999 -9999 -9999 -9999 -9999 -9999 -9999 -9999 -9999 -9999 -9999 -9999 5141.984 5239.275 5331.041 5423.099 5515.433 5608.03 5700.877 5793.962 5887.274 5980.803 6074.537 -9999 6262.587 6352.952 6441.273 6529.931 6618.912 6708.204 6797.794 6887.67 6977.105 7066.116 7155.417 7244.998 7334.848 7424.285 7513.321 7602.631 7692.204 7782.031 7871.467 7960.528 8049.845 8139.41 8229.216 8319.255 8409.519 8500 8590.692 -9999 -9999 -9999 -9999 -9999 -9999 -9999 -9999 -9999 -9999 -9999 -9999 -9999 -9999 -9999 -9999 -9999 -9999 -9999 -9999 -9999 -9999 
-9999 -9999 -9999 -9999 -9999 -9999 -9999 -9999 -9999 -9999 -9999 -9999 -9999 -9999 -9999 -9999 -9999 -9999 -9999 -9999 -9999 -9999 2570.992 2668.333 2765.863 2863.564 2961.418 3059.412 -9999 -9999 -9999 -9999 -9999 -9999 -9999 -9999 -9999 -9999 -9999 -9999 -9999 -9999 -9999 -9999 -9999 -9999 -9999 -9999 -9999 -9999 5292.447 5385.165 -9999 -9999 -9999 -9999 -9999 -9999 -9999 -9999 -9999 -9999 -9999 -9999 -9999 6664.083 6753.518 6842.514 6931.811 7021.396 7111.259 7200.694 7289.719 7379.024 7468.601 7558.439 7647.875 7736.924 7826.238 7915.807 8005.623 8095.678 8185.963 8276.473 8367.198 8458.132 8549.269 -9999 -9999 -9999 -9999 -9999 -9999 -9999 -9999 -9999 -9999 -9999 -9999 -9999 -9999 -9999 -9999 -9999 -9999 -9999 -9999 -9999 -9999 
-9999 -9999 -9999 -9999 -9999 -9999 -9999 -9999 -9999 -9999 -9999 -9999 -9999 -9999 -9999 -9999 -9999 -9999 -9999 -9999 -9999 -9999 -9999 -9999 -9999 -9999 -9999 -9999 -9999 -9999 -9999 -9999 -9999 -9999 -9999 -9999 -9999 -9999 -9999 -9999 -9999 -9999 -9999 -9999 -9999 -9999 -9999 -9999 -9999 -9999 -9999 -9999 -9999 -9999 -9999 -9999 -9999 -9999 -9999 -9999 -9999 -9999 -9999 -9999 -9999 -9999 -9999 -9999 -9999 6977.105 7066.116 7155.417 7244.998 7334.848 7424.285 7513.321 7602.631 7692.204 7782.031 7872.103 7962.412 8052.95 8143.709 8234.683 8325.863 8417.244 8508.819 -9999 -9999 -9999 -9999 -9999 -9999 -9999 -9999 -9999 -9999 -9999 -9999 -9999 -9999 -9999 -9999 -9999 -9999 -9999 -9999 -9999 -9999 
-9999 -9999 -9999 -9999 -9999 -9999 -9999 -9999 -9999 -9999 -9999 -9999 -9999 -9999 -9999 -9999 -9999 -9999 -9999 -9999 -9999 -9999 -9999 -9999 -9999 -9999 -9999 -9999 -9999 -9999 -9999 -9999 -9999 -9999 -9999 -9999 -9999 -9999 -9999 -9999 -9999 -9999 -9999 -9999 -9999 -9999 -9999 -9999 -9999 -9999 -9999 -9999 -9999 -9999 -9999 -9999 -9999 -9999 -9999 -9999 -9999 -9999 -9999 -9999 -9999 -9999 -9999 -9999 -9999 -9999 -9999 -9999 -9999 -9999 7379.024 7468.601 7558.439 7648.529 7738.863 7829.432 7920.227 8011.242 8102.469 8193.9 8285.529 8377.351 8469.356 8561.542 -9999 -9999 -9999 -9999 -9999 -9999 -9999 -9999 -9999 -9999 -9999 -9999 -9999 -9999 -9999 -9999 -9999 -9999 -9999 -9999 -9999 
