ncols         100
nrows         161
xllcorner     532010.43400391
yllcorner     8192889.1159634
cellsize      100
NODATA_value  -9999
-9999 -9999 -9999 -9999 -9999 -9999 -9999 -9999 -9999 -9999 -9999 -9999 -9999 -9999 -9999 -9999 -9999 -9999 -9999 -9999 -9999 -9999 -9999 -9999 -9999 -9999 -9999 -9999 2 2 3 3 -9999 -9999 -9999 -9999 -9999 -9999 -9999 -9999 -9999 -9999 -9999 -9999 -9999 -9999 -9999 -9999 -9999 -9999 -9999 -9999 -9999 -9999 -9999 -9999 -9999 -9999 -9999 -9999 -9999 -9999 -9999 -9999 -9999 -9999 -9999 -9999 -9999 -9999 -9999 -9999 -9999 -9999 -9999 -9999 -9999 -9999 -9999 -9999 -9999 -9999 -9999 -9999 -9999 -9999 -9999 -9999 -9999 -9999 -9999 -9999 -9999 -9999 -9999 -9999 -9999 -9999 -9999 -9999 
-9999 -9999 -9999 -9999 -9999 -9999 -9999 -9999 -9999 -9999 -9999 -9999 -9999 -9999 -9999 -9999 -9999 -9999 -9999 -9999 -9999 -9999 -9999 -9999 -9999 -9999 2 2 2 3 3 3 3 3 3 -9999 -9999 -9999 -9999 -9999 -9999 -9999 -9999 -9999 -9999 -9999 -9999 -9999 -9999 -9999 -9999 -9999 -9999 -9999 -9999 -9999 -9999 -9999 -9999 -9999 -9999 -9999 -9999 -9999 -9999 -9999 -9999 -9999 -9999 -9999 -9999 -9999 -9999 -9999 -9999 -9999 -9999 -9999 -9999 -9999 -9999 -9999 -9999 -9999 -9999 -9999 -9999 -9999 -9999 -9999 -9999 -9999 -9999 -9999 -9999 -9999 -9999 -9999 -9999 -9999 
-9999 -9999 -9999 -9999 -9999 -9999 -9999 -9999 -9999 -9999 -9999 -9999 -9999 -9999 -9999 -9999 -9999 -9999 -9999 -9999 -9999 -9999 -9999 -9999 3 3 2 2 2 3 3 3 3 3 3 3 2 2 -9999 -9999 -9999 -9999 -9999 -9999 -9999 -9999 -9999 -9999 -9999 -9999 -9999 -9999 -9999 -9999 -9999 -9999 -9999 -9999 -9999 -9999 -9999 -9999 -9999 -9999 -9999 -9999 -9999 -9999 -9999 -9999 -9999 -9999 -9999 -9999 -9999 -9999 -9999 -9999 -9999 -9999 -9999 -9999 -9999 -9999 -9999 -9999 -9999 -9999 -9999 -9999 -9999 -9999 -9999 -9999 -9999 -9999 -9999 -9999 -9999 -9999 
-9999 -9999 -9999 -9999 -9999 -9999 -9999 -9999 -9999 -9999 -9999 -9999 -9999 -9999 -9999 -9999 -9999 -9999 -9999 -9999 -9999 2 3 3 2 2 2 2 2 3 3 3 3 3 3 2 3 3 2 2 2 -9999 -9999 -9999 -9999 -9999 -9999 -9999 -9999 -9999 -9999 -9999 -9999 -9999 -9999 -9999 -9999 -9999 -9999 -9999 -9999 -9999 -9999 -9999 -9999 -9999 -9999 -9999 -9999 -9999 -9999 -9999 -9999 -9999 -9999 -9999 -9999 -9999 -9999 -9999 -9999 -9999 -9999 -9999 -9999 -9999 -9999 -9999 -9999 -9999 -9999 -9999 -9999 -9999 -9999 -9999 -9999 -9999 -9999 -9999 
-9999 -9999 -9999 -9999 -9999 -9999 -9999 -9999 -9999 -9999 -9999 -9999 -9999 -9999 -9999 -9999 -9999 -9999 -9999 3 3 3 3 3 3 3 3 3 3 2 3 3 3 3 3 3 3 3 3 3 3 3 3 3 -9999 -9999 -9999 -9999 -9999 -9999 -9999 -9999 -9999 -9999 -9999 -9999 -9999 -9999 -9999 -9999 -9999 -9999 -9999 -9999 -9999 -9999 -9999 -9999 -9999 -9999 -9999 -9999 -9999 -9999 -9999 -9999 -9999 -9999 -9999 -9999 -9999 -9999 -9999 -9999 -9999 -9999 -9999 -9999 -9999 -9999 -9999 -9999 -9999 -9999 -9999 -9999 -9999 -9999 -9999 -9999 
-9999 -9999 -9999 -9999 -9999 -9999 -9999 -9999 -9999 -9999 -9999 -9999 -9999 -9999 -9999 -9999 -9999 -9999 3 3 3 3 3 3 2 3 3 2 3 3 3 3 3 3 3 3 3 2 3 3 3 2 2 2 2 2 3 2 -9999 -9999 -9999 -9999 -9999 -9999 -9999 -9999 -9999 -9999 -9999 -9999 -9999 -9999 -9999 -9999 -9999 -9999 -9999 -9999 -9999 -9999 -9999 -9999 -9999 -9999 -9999 -9999 -9999 -9999 -9999 -9999 -9999 -9999 -9999 -9999 -9999 -9999 -9999 -9999 -9999 -9999 -9999 -9999 -9999 -9999 -9999 -9999 -9999 -9999 -9999 -9999 
-9999 -9999 -9999 -9999 -9999 -9999 -9999 -9999 -9999 -9999 -9999 -9999 -9999 -9999 -9999 -9999 -9999 3 3 3 3 3 3 3 3 2 2 2 1 2 2 3 3 3 3 3 3 3 3 3 3 2 2 2 2 2 2 3 3 3 3 3 -9999 -9999 -9999 -9999 -9999 -9999 -9999 -9999 -9999 -9999 -9999 -9999 -9999 -9999 -9999 -9999 -9999 -9999 -9999 -9999 -9999 -9999 -9999 -9999 -9999 -9999 -9999 -9999 -9999 -9999 -9999 -9999 -9999 -9999 -9999 -9999 -9999 -9999 -9999 -9999 -9999 -9999 -9999 -9999 -9999 -9999 -9999 -9999 
-9999 -9999 -9999 -9999 -9999 -9999 -9999 -9999 -9999 -9999 -9999 -9999 -9999 -9999 -9999 -9999 -9999 2 2 3 3 3 3 3 3 3 2 2 2 2 3 3 3 1 3 3 3 3 3 3 2 2 2 3 2 2 2 2 2 3 1 3 3 3 2 -9999 -9999 -9999 -9999 -9999 -9999 -9999 -9999 -9999 -9999 -9999 -9999 -9999 -9999 -9999 -9999 -9999 -9999 -9999 -9999 -9999 -9999 -9999 -9999 -9999 -9999 -9999 -9999 -9999 -9999 -9999 -9999 -9999 -9999 -9999 -9999 -9999 -9999 -9999 -9999 -9999 -9999 -9999 -9999 -9999 
-9999 -9999 -9999 -9999 -9999 -9999 -9999 -9999 -9999 -9999 -9999 -9999 -9999 -9999 -9999 -9999 2 2 3 3 3 3 3 3 3 3 3 3 3 3 1 3 3 3 3 3 3 3 3 2 2 2 2 3 2 2 2 2 2 2 2 2 2 2 2 3 3 2 -9999 -9999 -9999 -9999 -9999 -9999 -9999 -9999 -9999 -9999 -9999 -9999 -9999 -9999 -9999 -9999 -9999 -9999 -9999 -9999 -9999 -9999 -9999 -9999 -9999 -9999 -9999 -9999 -9999 -9999 -9999 -9999 -9999 -9999 -9999 -9999 -9999 -9999 -9999 -9999 -9999 -9999 
-9999 -9999 -9999 -9999 -9999 -9999 -9999 -9999 -9999 -9999 -9999 -9999 -9999 -9999 -9999 -9999 3 3 3 1 3 3 3 3 3 3 3 2 2 3 1 1 1 3 3 1 1 3 3 2 2 2 2 2 2 2 2 2 2 3 2 3 3 3 2 2 2 2 2 2 -9999 -9999 -9999 -9999 -9999 -9999 -9999 -9999 -9999 -9999 -9999 -9999 -9999 -9999 -9999 -9999 -9999 -9999 -9999 -9999 -9999 -9999 3 3 3 -9999 -9999 -9999 -9999 -9999 -9999 -9999 -9999 -9999 -9999 -9999 -9999 -9999 -9999 -9999 
-9999 -9999 -9999 -9999 -9999 -9999 -9999 -9999 -9999 -9999 -9999 -9999 -9999 -9999 -9999 -9999 -9999 3 3 3 1 3 3 3 3 3 3 2 3 1 3 1 3 1 1 3 1 3 3 3 2 2 2 2 2 2 2 3 2 2 2 2 3 1 2 3 2 2 3 2 3 2 -9999 -9999 -9999 -9999 -9999 -9999 -9999 -9999 -9999 -9999 -9999 -9999 -9999 -9999 -9999 -9999 -9999 -9999 -9999 2 3 3 3 3 3 3 3 3 -9999 -9999 -9999 -9999 -9999 -9999 -9999 -9999 -9999 -9999 
-9999 -9999 -9999 -9999 -9999 -9999 -9999 -9999 -9999 -9999 -9999 -9999 -9999 -9999 -9999 -9999 -9999 3 2 3 3 3 3 3 3 3 3 3 3 3 1 1 1 3 3 3 3 3 3 3 3 3 3 3 2 2 2 2 3 2 3 3 2 3 2 2 2 2 2 2 3 3 3 2 2 -9999 -9999 -9999 -9999 -9999 -9999 -9999 -9999 -9999 -9999 -9999 -9999 -9999 -9999 -9999 2 2 2 2 3 2 3 3 3 3 3 3 3 -9999 -9999 -9999 -9999 -9999 -9999 -9999 
-9999 -9999 -9999 -9999 -9999 -9999 -9999 -9999 -9999 -9999 -9999 -9999 -9999 -9999 -9999 -9999 -9999 -9999 3 3 3 3 3 3 3 3 3 2 2 3 3 3 3 1 3 3 1 3 3 3 2 2 3 3 2 2 3 2 2 2 3 2 2 2 3 3 2 3 3 3 3 2 3 3 3 3 1 2 -9999 -9999 -9999 -9999 -9999 -9999 -9999 -9999 -9999 -9999 -9999 2 2 2 3 2 3 2 2 3 3 3 3 3 3 3 -9999 -9999 -9999 -9999 -9999 -9999 
-9999 -9999 -9999 -9999 -9999 -9999 -9999 -9999 -9999 -9999 -9999 -9999 -9999 -9999 -9999 -9999 -9999 -9999 3 3 3 3 3 3 1 3 3 2 2 3 3 3 1 3 1 1 3 3 3 3 3 2 3 3 3 2 2 2 3 3 2 3 3 2 3 2 2 3 2 2 3 2 2 3 1 1 3 2 2 3 3 2 -9999 -9999 -9999 -9999 -9999 2 3 2 2 2 2 2 3 3 3 3 3 2 3 3 3 3 3 -9999 -9999 -9999 -9999 -9999 
-9999 -9999 -9999 -9999 -9999 -9999 -9999 -9999 -9999 -9999 -9999 -9999 -9999 -9999 -9999 -9999 -9999 -9999 3 1 3 1 3 3 3 3 3 3 3 3 3 3 3 3 3 3 3 3 3 3 2 3 3 3 3 2 2 2 1 1 3 3 3 2 2 2 2 2 2 2 3 2 2 2 3 3 3 2 2 2 3 3 2 2 2 2 2 2 2 2 3 2 2 2 3 2 3 3 3 2 2 2 3 3 3 3 -9999 -9999 -9999 -9999 
-9999 -9999 -9999 -9999 -9999 -9999 -9999 -9999 -9999 -9999 -9999 -9999 -9999 -9999 -9999 -9999 -9999 -9999 -9999 3 1 3 3 3 3 3 3 1 1 3 3 3 3 3 3 3 3 3 3 3 2 3 3 3 3 3 2 3 3 1 1 2 2 2 2 2 2 2 2 2 2 2 2 2 3 3 3 3 3 2 2 3 3 2 3 2 2 2 2 3 2 2 2 2 2 3 3 3 3 2 2 2 2 3 3 3 -9999 -9999 -9999 -9999 
-9999 -9999 -9999 -9999 -9999 -9999 -9999 -9999 -9999 -9999 -9999 -9999 -9999 -9999 -9999 -9999 -9999 -9999 -9999 3 1 3 3 1 3 3 3 3 1 3 3 2 2 3 3 3 3 3 1 1 3 2 2 2 2 3 3 2 2 3 2 2 3 2 2 2 2 2 2 2 2 2 2 2 3 3 3 1 3 2 2 3 3 3 3 2 3 3 2 3 2 3 3 2 2 2 2 3 3 3 3 3 3 3 3 3 3 -9999 -9999 -9999 
-9999 -9999 -9999 -9999 -9999 -9999 -9999 -9999 -9999 -9999 -9999 -9999 -9999 -9999 -9999 -9999 -9999 -9999 -9999 3 3 1 3 3 3 2 2 3 3 3 1 3 2 3 3 3 3 3 2 3 1 2 2 2 2 3 2 2 2 2 2 2 2 2 2 2 3 2 2 2 3 2 2 2 3 3 3 3 3 3 2 2 2 2 2 2 2 3 2 2 3 3 2 2 2 3 2 3 3 2 2 2 3 3 3 3 3 -9999 -9999 -9999 
-9999 -9999 -9999 -9999 -9999 -9999 -9999 -9999 -9999 -9999 -9999 -9999 -9999 -9999 -9999 -9999 -9999 -9999 -9999 3 3 3 2 2 2 2 2 3 3 1 3 3 1 3 3 3 3 3 3 3 3 2 2 2 2 3 3 2 2 2 3 2 2 2 2 2 3 3 2 2 2 2 2 3 3 3 3 3 3 3 2 2 3 2 2 2 2 3 2 2 3 2 2 3 2 2 3 2 3 3 2 3 3 3 3 3 3 3 -9999 -9999 
-9999 -9999 -9999 -9999 -9999 -9999 -9999 -9999 -9999 -9999 -9999 -9999 -9999 -9999 -9999 -9999 -9999 -9999 3 3 2 3 2 2 2 2 2 2 3 3 3 3 3 3 3 3 3 3 3 3 1 2 3 3 1 2 2 2 2 3 3 2 2 2 3 3 3 3 3 3 3 2 2 2 3 3 3 3 3 3 2 2 2 2 2 2 3 2 2 2 2 2 2 2 3 2 1 2 2 3 2 3 3 3 3 3 3 3 -9999 -9999 
-9999 -9999 -9999 -9999 -9999 -9999 -9999 -9999 -9999 -9999 -9999 -9999 -9999 -9999 -9999 -9999 -9999 -9999 3 1 1 3 3 2 2 3 2 2 2 3 3 3 3 3 3 3 3 3 3 3 1 3 3 1 3 2 3 2 2 2 1 1 2 2 2 2 2 3 3 3 3 2 2 2 2 2 3 3 3 3 3 3 3 2 2 3 2 2 2 2 2 3 2 2 3 3 3 2 3 3 2 3 3 3 3 3 3 2 -9999 -9999 
-9999 -9999 -9999 -9999 -9999 -9999 -9999 -9999 -9999 -9999 -9999 -9999 -9999 -9999 -9999 -9999 -9999 3 2 3 3 1 3 2 2 2 2 2 2 3 3 3 3 3 3 3 3 3 1 1 3 3 3 3 1 1 3 2 2 3 2 3 2 2 2 2 2 2 2 3 3 2 2 2 3 2 2 3 3 3 3 2 2 2 2 3 2 2 3 2 1 3 2 2 2 2 2 3 3 3 2 3 3 3 3 3 3 2 -9999 -9999 
-9999 -9999 -9999 -9999 -9999 -9999 -9999 -9999 -9999 -9999 -9999 -9999 -9999 -9999 -9999 -9999 3 3 3 2 2 2 2 3 1 3 3 3 3 3 3 3 3 3 3 3 3 3 1 3 1 3 1 3 3 2 3 2 2 2 2 3 2 2 2 2 2 2 2 2 3 3 3 3 2 2 2 3 3 3 2 2 3 2 2 2 2 2 2 3 2 3 2 2 2 2 2 2 3 2 2 2 3 3 3 3 3 2 2 -9999 
-9999 -9999 -9999 -9999 -9999 -9999 -9999 -9999 -9999 -9999 -9999 -9999 -9999 -9999 -9999 -9999 3 2 3 3 1 2 2 2 2 2 2 3 3 3 3 3 3 3 3 3 3 3 3 3 1 3 3 3 3 3 2 2 3 2 3 2 2 2 3 3 3 2 3 2 2 3 3 3 3 2 2 3 2 2 2 2 2 2 2 2 2 2 2 2 2 2 2 2 2 2 2 2 2 2 2 2 2 3 3 2 2 2 2 -9999 
-9999 -9999 -9999 -9999 -9999 -9999 -9999 -9999 -9999 -9999 -9999 -9999 -9999 -9999 -9999 2 2 3 2 2 2 2 2 2 2 3 2 1 3 3 3 3 3 3 3 3 3 3 3 1 3 1 1 1 3 2 2 2 2 2 2 2 3 3 3 3 2 3 2 2 2 3 3 3 3 3 3 2 2 2 2 2 2 2 2 2 2 2 3 2 2 2 2 2 2 1 2 2 2 2 2 2 3 3 3 2 2 2 1 -9999 
-9999 -9999 -9999 -9999 -9999 -9999 -9999 -9999 -9999 -9999 -9999 -9999 -9999 -9999 -9999 2 2 2 2 3 2 2 2 2 2 2 2 1 3 3 3 3 3 3 3 3 3 3 3 1 1 3 3 3 3 3 2 3 2 2 2 3 3 3 2 3 3 3 2 2 2 3 3 3 3 3 3 3 3 2 2 2 2 2 2 2 2 2 2 2 3 3 2 3 2 3 2 2 2 2 2 3 3 3 3 3 2 3 2 2 
-9999 -9999 -9999 -9999 -9999 -9999 -9999 -9999 -9999 -9999 -9999 -9999 -9999 -9999 -9999 3 3 2 2 2 2 2 3 2 3 3 1 3 3 3 2 3 3 3 3 3 3 3 3 3 3 3 3 3 2 3 1 3 2 3 3 3 3 3 2 2 3 2 2 2 2 2 2 3 3 3 3 2 3 2 2 2 2 2 2 2 3 2 2 3 3 3 3 3 3 2 2 2 2 2 2 3 3 2 3 3 3 2 2 2 
-9999 -9999 -9999 -9999 -9999 -9999 -9999 -9999 -9999 -9999 -9999 -9999 -9999 -9999 -9999 3 2 3 2 2 2 2 2 2 2 3 1 1 3 3 3 3 3 2 3 2 3 3 3 3 3 2 3 2 3 3 3 2 2 2 2 2 3 2 3 2 2 2 2 2 2 2 2 3 3 3 3 2 2 2 2 2 2 2 2 2 2 2 2 2 2 3 2 2 1 1 2 2 2 2 3 3 3 2 3 3 3 3 3 2 
-9999 -9999 -9999 -9999 -9999 -9999 -9999 -9999 -9999 -9999 -9999 -9999 -9999 -9999 2 3 2 3 2 2 2 2 2 2 2 3 3 1 3 3 3 3 3 2 1 3 2 3 2 3 3 2 2 3 2 2 2 2 3 3 3 2 3 2 3 2 2 2 3 3 2 2 3 3 2 3 3 1 2 2 2 2 2 2 2 2 2 3 2 2 2 3 2 3 2 1 2 2 2 2 3 3 3 2 2 2 3 3 2 2 
-9999 -9999 -9999 -9999 -9999 -9999 -9999 -9999 -9999 -9999 -9999 -9999 -9999 -9999 3 2 2 2 2 3 2 2 2 2 2 2 2 3 3 3 3 3 3 2 3 2 2 2 2 2 2 2 2 2 2 3 3 3 2 3 3 3 3 3 3 2 2 2 2 3 3 3 3 3 2 3 2 2 2 2 2 2 2 2 2 2 2 2 2 2 3 3 3 2 2 3 1 2 2 2 2 2 3 2 2 2 2 1 2 -9999 
-9999 -9999 -9999 -9999 -9999 -9999 -9999 -9999 -9999 -9999 -9999 -9999 -9999 -9999 2 2 2 2 2 2 2 2 2 2 2 2 2 2 3 3 3 3 3 3 3 3 2 2 2 2 2 2 2 2 2 2 2 2 2 2 3 3 3 2 3 3 3 2 3 3 3 3 2 3 3 3 3 2 2 2 2 2 3 2 2 2 2 2 2 2 3 3 3 2 1 1 2 2 3 2 2 2 3 3 2 2 3 3 1 -9999 
-9999 -9999 -9999 -9999 -9999 -9999 -9999 -9999 -9999 -9999 -9999 -9999 -9999 -9999 2 2 2 3 3 3 2 2 2 2 3 2 2 2 2 2 3 3 3 3 3 3 3 2 2 2 2 2 2 3 3 3 1 3 2 2 3 3 3 3 3 3 3 3 3 3 3 2 3 3 3 3 1 3 3 2 2 3 2 2 2 3 2 2 2 3 2 2 2 2 2 2 2 3 3 3 3 3 3 3 2 2 2 3 -9999 -9999 
-9999 -9999 -9999 -9999 -9999 -9999 -9999 -9999 -9999 -9999 -9999 -9999 -9999 2 2 3 3 3 3 2 2 3 1 3 3 2 2 2 2 2 3 3 3 3 3 3 3 2 2 3 2 2 2 2 2 3 2 2 2 3 3 2 3 3 2 3 3 3 2 3 2 2 2 2 3 3 2 3 3 3 3 3 3 2 2 2 2 2 2 2 2 2 2 2 2 2 2 2 2 2 2 2 2 2 2 2 2 1 -9999 -9999 
-9999 -9999 -9999 -9999 -9999 -9999 -9999 -9999 -9999 -9999 -9999 -9999 -9999 3 3 2 2 3 3 2 2 2 2 3 2 2 2 2 2 2 2 2 3 3 2 2 3 2 2 2 1 2 2 2 3 2 2 2 2 2 3 2 2 2 2 3 3 2 2 2 2 2 2 2 2 3 2 2 2 3 3 3 2 2 2 3 3 2 2 2 2 2 2 2 2 2 2 2 3 3 2 2 2 2 2 2 2 -9999 -9999 -9999 
-9999 -9999 -9999 -9999 -9999 -9999 -9999 -9999 -9999 -9999 -9999 -9999 -9999 2 3 2 3 3 3 3 2 2 3 3 3 2 2 2 2 2 2 4 3 2 2 2 2 2 2 2 2 2 2 2 2 2 2 2 2 3 3 2 3 2 3 3 3 3 3 2 2 2 2 2 2 2 3 3 3 3 2 2 2 2 3 3 2 2 2 2 2 2 2 2 2 2 2 2 3 2 2 2 2 2 2 2 2 -9999 -9999 -9999 
-9999 -9999 -9999 -9999 -9999 -9999 -9999 -9999 -9999 -9999 -9999 -9999 -9999 3 2 2 3 3 2 2 2 2 2 3 3 2 2 2 2 2 2 4 3 2 2 2 2 2 2 2 2 2 2 2 2 2 2 2 2 2 2 2 2 2 2 2 2 3 3 3 2 2 2 2 3 3 2 2 2 2 2 2 2 2 2 2 3 3 2 2 2 2 2 3 3 3 2 3 2 2 2 2 2 2 2 2 -9999 -9999 -9999 -9999 
-9999 -9999 -9999 -9999 -9999 -9999 -9999 -9999 -9999 -9999 -9999 -9999 2 2 2 2 2 2 3 2 3 2 2 3 2 3 2 2 3 2 2 2 2 2 2 2 2 2 2 2 2 2 2 2 2 2 2 2 2 2 2 2 3 3 3 2 2 2 2 2 3 2 2 2 2 2 2 2 2 2 2 3 2 2 2 2 2 2 2 2 2 2 3 1 2 2 2 3 3 2 2 2 2 2 2 -9999 -9999 -9999 -9999 -9999 
-9999 -9999 -9999 -9999 -9999 -9999 -9999 -9999 -9999 -9999 -9999 -9999 -9999 3 2 2 2 2 3 3 2 2 2 2 2 2 2 2 3 2 2 3 2 2 2 2 2 2 2 2 2 2 2 2 2 2 2 3 2 2 2 2 2 2 3 2 2 2 2 2 3 2 2 2 2 2 2 2 2 2 2 2 2 3 2 3 2 3 2 1 2 3 3 2 2 2 2 3 2 2 2 2 2 2 2 -9999 -9999 -9999 -9999 -9999 
-9999 -9999 -9999 -9999 -9999 -9999 -9999 -9999 -9999 -9999 -9999 -9999 -9999 2 2 3 2 3 1 3 2 3 3 3 3 2 2 3 2 3 2 2 2 2 2 2 2 3 2 2 1 1 3 1 1 3 2 2 2 2 3 3 2 2 2 2 2 2 2 3 2 2 2 2 2 2 2 2 2 2 2 2 2 3 2 3 2 2 1 1 2 3 3 2 2 2 2 2 3 3 2 2 2 2 -9999 -9999 -9999 -9999 -9999 -9999 
-9999 -9999 -9999 -9999 -9999 -9999 -9999 -9999 -9999 -9999 -9999 -9999 -9999 2 2 2 2 3 1 1 3 2 2 3 2 2 3 2 2 3 1 2 3 2 2 2 2 2 2 2 2 2 3 1 1 3 3 2 3 3 2 3 2 2 2 2 3 2 2 2 2 2 2 2 2 2 2 2 2 2 2 2 2 2 2 3 2 2 3 3 3 3 2 2 2 1 1 3 3 3 3 3 2 2 -9999 -9999 -9999 -9999 -9999 -9999 
-9999 -9999 -9999 -9999 -9999 -9999 -9999 -9999 -9999 -9999 -9999 -9999 -9999 2 2 2 3 1 1 1 3 3 2 2 2 3 2 2 2 2 2 2 2 2 2 2 2 2 2 2 3 1 2 2 3 1 1 2 3 3 3 2 3 2 3 2 2 2 2 3 2 3 2 3 3 2 2 2 2 2 2 2 3 2 2 2 2 2 2 3 3 3 2 3 1 1 1 3 3 3 3 2 2 -9999 -9999 -9999 -9999 -9999 -9999 -9999 
-9999 -9999 -9999 -9999 -9999 -9999 -9999 -9999 -9999 -9999 -9999 -9999 -9999 -9999 2 3 1 1 1 3 1 1 2 2 3 2 3 3 2 2 2 2 2 2 2 2 2 2 3 3 2 3 3 2 2 2 3 1 3 3 2 2 3 3 3 3 1 3 3 3 3 1 3 2 2 2 2 2 2 2 2 3 3 2 2 2 2 2 3 1 2 2 1 3 3 3 3 1 3 3 3 2 2 -9999 -9999 -9999 -9999 -9999 -9999 -9999 
-9999 -9999 -9999 -9999 -9999 -9999 -9999 -9999 -9999 -9999 -9999 -9999 -9999 -9999 2 1 3 3 1 1 1 1 3 2 2 2 2 2 3 3 2 2 2 3 2 2 2 2 2 3 3 2 2 2 2 2 2 2 2 2 3 3 3 1 3 3 3 3 3 3 3 2 2 2 2 2 2 2 3 2 2 2 2 2 2 2 2 2 2 2 2 2 3 3 3 3 3 3 3 3 2 3 -9999 -9999 -9999 -9999 -9999 -9999 -9999 -9999 
-9999 -9999 -9999 -9999 -9999 -9999 -9999 -9999 -9999 -9999 -9999 -9999 -9999 -9999 -9999 3 3 3 2 2 3 3 1 1 3 2 3 2 2 2 3 2 2 3 3 2 2 2 2 3 2 3 2 2 2 2 2 2 2 3 3 3 1 1 3 3 3 2 3 3 3 2 2 2 2 2 3 2 2 2 3 2 2 2 2 2 2 2 2 2 2 2 3 3 3 3 3 3 3 3 3 -9999 -9999 -9999 -9999 -9999 -9999 -9999 -9999 -9999 
-9999 -9999 -9999 -9999 -9999 -9999 -9999 -9999 -9999 -9999 -9999 -9999 -9999 -9999 -9999 3 1 2 2 3 3 2 3 3 1 1 2 2 2 2 3 3 3 2 2 2 2 2 2 2 2 2 2 2 2 2 2 2 2 2 3 1 3 2 3 3 3 3 3 2 3 2 2 2 2 3 3 2 2 2 3 2 2 2 2 3 3 3 2 2 3 3 3 3 3 3 3 2 3 -9999 -9999 -9999 -9999 -9999 -9999 -9999 -9999 -9999 -9999 -9999 
-9999 -9999 -9999 -9999 -9999 -9999 -9999 -9999 -9999 -9999 -9999 -9999 -9999 -9999 -9999 -9999 1 3 2 2 3 2 3 3 2 2 1 1 2 2 2 2 2 2 2 2 2 2 3 2 2 2 2 2 2 3 2 2 2 2 2 2 3 2 2 3 3 1 2 2 2 2 2 2 2 3 3 2 2 2 3 3 2 2 3 3 3 2 2 2 1 3 3 3 3 2 2 2 -9999 -9999 -9999 -9999 -9999 -9999 -9999 -9999 -9999 -9999 -9999 -9999 
-9999 -9999 -9999 -9999 -9999 -9999 -9999 -9999 -9999 -9999 -9999 -9999 -9999 -9999 -9999 -9999 -9999 3 2 2 2 3 1 1 1 3 1 1 1 3 2 2 2 2 2 3 2 2 2 4 2 2 2 2 2 2 2 2 2 2 3 3 3 3 2 3 3 3 3 3 2 2 2 2 2 2 3 2 2 2 3 3 2 2 2 2 3 2 2 2 3 3 3 3 3 2 2 -9999 -9999 -9999 -9999 -9999 -9999 -9999 -9999 -9999 -9999 -9999 -9999 -9999 
-9999 -9999 -9999 -9999 -9999 -9999 -9999 -9999 -9999 -9999 -9999 -9999 -9999 -9999 -9999 -9999 -9999 -9999 3 2 3 3 3 1 3 1 1 1 1 3 1 1 1 2 2 3 3 3 2 2 2 2 2 2 2 2 1 3 2 3 1 3 1 3 3 3 2 2 1 2 2 2 2 3 2 2 2 2 3 2 3 2 2 2 3 2 2 2 2 3 3 3 3 3 3 -9999 -9999 -9999 -9999 -9999 -9999 -9999 -9999 -9999 -9999 -9999 -9999 -9999 -9999 -9999 
-9999 -9999 -9999 -9999 -9999 -9999 -9999 -9999 -9999 -9999 -9999 -9999 -9999 -9999 -9999 -9999 -9999 -9999 -9999 2 3 3 1 1 1 3 3 3 3 1 1 1 1 3 3 1 3 2 2 2 2 2 3 3 3 1 3 3 4 3 3 3 3 2 2 2 2 2 2 2 2 2 2 3 3 2 2 2 3 2 3 2 2 2 3 2 2 2 2 3 3 3 3 3 -9999 -9999 -9999 -9999 -9999 -9999 -9999 -9999 -9999 -9999 -9999 -9999 -9999 -9999 -9999 -9999 
-9999 -9999 -9999 -9999 -9999 -9999 -9999 -9999 -9999 -9999 -9999 -9999 -9999 -9999 -9999 -9999 -9999 -9999 -9999 3 3 3 1 1 3 1 1 3 3 3 3 1 1 1 1 3 2 3 2 2 2 2 2 3 3 3 2 2 3 3 3 2 2 2 2 2 1 2 2 3 2 2 2 2 2 2 2 2 2 3 2 2 2 2 2 2 2 2 2 3 3 2 3 -9999 -9999 -9999 -9999 -9999 -9999 -9999 -9999 -9999 -9999 -9999 -9999 -9999 -9999 -9999 -9999 -9999 
-9999 -9999 -9999 -9999 -9999 -9999 -9999 -9999 -9999 -9999 -9999 -9999 -9999 -9999 -9999 -9999 -9999 -9999 2 2 3 3 3 3 3 3 3 3 3 3 3 3 1 1 2 2 2 3 3 2 2 2 2 2 2 2 2 2 3 3 2 2 2 2 2 2 3 2 2 2 2 2 2 2 2 2 2 3 3 2 2 2 2 2 2 3 3 2 2 3 3 3 -9999 -9999 -9999 -9999 -9999 -9999 -9999 -9999 -9999 -9999 -9999 -9999 -9999 -9999 -9999 -9999 -9999 -9999 
-9999 -9999 -9999 -9999 -9999 -9999 -9999 -9999 -9999 -9999 -9999 -9999 -9999 -9999 -9999 -9999 -9999 -9999 2 2 2 3 3 3 3 3 3 3 3 3 3 2 2 2 2 2 1 3 3 2 2 2 2 2 2 2 2 2 2 2 3 3 3 2 2 2 2 2 2 2 2 2 2 2 3 2 2 2 2 2 2 2 2 2 2 2 2 2 2 2 -9999 -9999 -9999 -9999 -9999 -9999 -9999 -9999 -9999 -9999 -9999 -9999 -9999 -9999 -9999 -9999 -9999 -9999 -9999 -9999 
-9999 -9999 -9999 -9999 -9999 -9999 -9999 -9999 -9999 -9999 -9999 -9999 -9999 -9999 -9999 -9999 -9999 -9999 2 3 2 3 3 3 3 3 3 3 3 3 3 2 2 3 2 1 1 1 3 3 2 2 2 2 3 2 2 2 2 2 3 3 2 2 2 2 2 2 2 2 2 3 2 3 2 2 2 2 2 2 2 3 3 3 3 2 2 2 3 -9999 -9999 -9999 -9999 -9999 -9999 -9999 -9999 -9999 -9999 -9999 -9999 -9999 -9999 -9999 -9999 -9999 -9999 -9999 -9999 -9999 
-9999 -9999 -9999 -9999 -9999 -9999 -9999 -9999 -9999 -9999 -9999 -9999 -9999 -9999 -9999 -9999 -9999 -9999 2 2 2 2 3 3 3 3 3 3 3 3 3 2 2 3 3 3 3 3 2 2 3 3 3 2 2 2 2 2 2 3 3 3 3 2 3 3 3 2 2 2 2 2 2 2 2 2 2 2 3 3 4 3 2 2 2 2 2 3 -9999 -9999 -9999 -9999 -9999 -9999 -9999 -9999 -9999 -9999 -9999 -9999 -9999 -9999 -9999 -9999 -9999 -9999 -9999 -9999 -9999 -9999 
-9999 -9999 -9999 -9999 -9999 -9999 -9999 -9999 -9999 -9999 -9999 -9999 -9999 -9999 -9999 -9999 -9999 3 3 2 2 2 3 3 3 2 2 3 3 3 1 2 2 3 1 3 3 2 2 2 2 3 3 2 2 2 2 2 2 2 2 3 3 2 2 3 3 3 3 2 2 2 2 2 2 2 3 2 2 4 2 2 2 3 2 2 2 -9999 -9999 -9999 -9999 -9999 -9999 -9999 -9999 -9999 -9999 -9999 -9999 -9999 -9999 -9999 -9999 -9999 -9999 -9999 -9999 -9999 -9999 -9999 
-9999 -9999 -9999 -9999 -9999 -9999 -9999 -9999 -9999 -9999 -9999 -9999 -9999 -9999 -9999 -9999 -9999 2 2 3 3 3 3 3 3 3 2 3 3 2 2 2 2 3 3 1 1 3 2 2 3 5 3 3 2 2 2 4 2 3 2 2 2 2 2 3 3 3 3 2 2 3 3 2 3 3 4 2 3 2 2 2 2 2 2 3 -9999 -9999 -9999 -9999 -9999 -9999 -9999 -9999 -9999 -9999 -9999 -9999 -9999 -9999 -9999 -9999 -9999 -9999 -9999 -9999 -9999 -9999 -9999 -9999 
-9999 -9999 -9999 -9999 -9999 -9999 -9999 -9999 -9999 -9999 -9999 -9999 -9999 -9999 -9999 -9999 -9999 2 2 2 2 2 2 3 3 3 2 2 2 3 3 2 2 3 1 3 3 3 2 2 2 2 3 3 2 2 2 2 2 3 2 1 2 2 2 2 2 2 2 2 2 3 2 2 2 2 2 2 2 2 2 2 2 2 2 3 -9999 -9999 -9999 -9999 -9999 -9999 -9999 -9999 -9999 -9999 -9999 -9999 -9999 -9999 -9999 -9999 -9999 -9999 -9999 -9999 -9999 -9999 -9999 -9999 
-9999 -9999 -9999 -9999 -9999 -9999 -9999 -9999 -9999 -9999 -9999 -9999 -9999 -9999 -9999 -9999 -9999 2 2 2 3 2 2 2 2 3 3 2 2 3 3 3 3 3 1 1 1 2 3 2 2 2 2 3 3 2 2 2 2 2 3 1 3 3 3 3 2 2 2 2 2 2 2 2 2 2 2 2 2 2 2 3 3 2 2 3 -9999 -9999 -9999 -9999 -9999 -9999 -9999 -9999 -9999 -9999 -9999 -9999 -9999 -9999 -9999 -9999 -9999 -9999 -9999 -9999 -9999 -9999 -9999 -9999 
-9999 -9999 -9999 -9999 -9999 -9999 -9999 -9999 -9999 -9999 -9999 -9999 -9999 -9999 -9999 -9999 2 2 2 2 2 2 2 3 2 3 3 3 2 3 3 3 3 3 1 3 1 1 1 3 2 3 2 2 3 2 2 3 3 3 2 1 1 3 3 3 2 2 2 2 2 2 2 2 2 2 2 2 2 2 2 2 2 2 2 2 -9999 -9999 -9999 -9999 -9999 -9999 -9999 -9999 -9999 -9999 -9999 -9999 -9999 -9999 -9999 -9999 -9999 -9999 -9999 -9999 -9999 -9999 -9999 -9999 
-9999 -9999 -9999 -9999 -9999 -9999 -9999 -9999 -9999 -9999 -9999 -9999 -9999 -9999 -9999 -9999 2 3 2 3 2 2 2 3 3 2 3 3 3 3 3 3 1 3 3 1 3 3 3 3 2 2 3 2 2 2 2 2 3 2 3 3 2 2 3 3 2 2 2 2 2 3 2 3 2 2 2 2 2 2 2 2 2 2 2 2 -9999 -9999 -9999 -9999 -9999 -9999 -9999 -9999 -9999 -9999 -9999 -9999 -9999 -9999 -9999 -9999 -9999 -9999 -9999 -9999 -9999 -9999 -9999 -9999 
-9999 -9999 -9999 -9999 -9999 -9999 -9999 -9999 -9999 -9999 -9999 -9999 -9999 -9999 -9999 -9999 2 2 2 3 2 2 2 2 3 3 3 3 3 3 3 3 1 3 3 3 1 3 3 3 2 3 3 2 2 2 2 2 2 3 3 3 2 2 3 2 2 2 2 2 2 2 2 3 2 2 2 2 2 2 3 2 2 3 3 3 -9999 -9999 -9999 -9999 -9999 -9999 -9999 -9999 -9999 -9999 -9999 -9999 -9999 -9999 -9999 -9999 -9999 -9999 -9999 -9999 -9999 -9999 -9999 -9999 
-9999 -9999 -9999 -9999 -9999 -9999 -9999 -9999 -9999 -9999 -9999 -9999 -9999 -9999 -9999 -9999 2 3 2 3 2 2 2 2 3 3 3 3 3 3 3 3 3 3 3 3 3 3 3 3 3 1 2 3 3 3 2 2 2 3 3 1 3 3 3 2 2 3 3 2 3 2 3 2 2 2 2 2 2 2 2 1 3 3 3 3 -9999 -9999 -9999 -9999 -9999 -9999 -9999 -9999 -9999 -9999 -9999 -9999 -9999 -9999 -9999 -9999 -9999 -9999 -9999 -9999 -9999 -9999 -9999 -9999 
-9999 -9999 -9999 -9999 -9999 -9999 -9999 -9999 -9999 -9999 -9999 -9999 -9999 -9999 -9999 -9999 -9999 3 3 3 3 3 3 3 3 3 3 3 3 3 3 3 3 3 3 3 3 3 3 3 3 3 3 3 3 3 3 3 2 2 2 2 3 3 3 3 3 3 3 1 3 2 2 2 2 2 2 2 2 2 3 2 3 2 3 1 -9999 -9999 -9999 -9999 -9999 -9999 -9999 -9999 -9999 -9999 -9999 -9999 -9999 -9999 -9999 -9999 -9999 -9999 -9999 -9999 -9999 -9999 -9999 -9999 
-9999 -9999 -9999 -9999 -9999 -9999 -9999 -9999 -9999 -9999 -9999 -9999 -9999 -9999 -9999 -9999 -9999 3 3 3 3 3 3 3 3 3 3 3 3 3 3 3 3 3 3 2 3 3 3 3 3 2 2 2 2 2 3 2 2 2 2 2 3 3 3 3 3 3 2 2 2 2 2 3 3 2 3 3 2 2 3 3 3 1 2 1 -9999 -9999 -9999 -9999 -9999 -9999 -9999 -9999 -9999 -9999 -9999 -9999 -9999 -9999 -9999 -9999 -9999 -9999 -9999 -9999 -9999 -9999 -9999 -9999 
-9999 -9999 -9999 -9999 -9999 -9999 -9999 -9999 -9999 -9999 -9999 -9999 -9999 -9999 -9999 -9999 -9999 3 2 2 3 2 3 3 3 3 2 3 3 3 3 3 3 3 3 3 2 3 3 3 3 3 3 2 2 2 3 2 2 2 2 2 3 3 3 3 1 3 2 2 2 3 3 3 3 2 2 2 3 2 1 3 3 3 3 3 -9999 -9999 -9999 -9999 -9999 -9999 -9999 -9999 -9999 -9999 -9999 -9999 -9999 -9999 -9999 -9999 -9999 -9999 -9999 -9999 -9999 -9999 -9999 -9999 
-9999 -9999 -9999 -9999 -9999 -9999 -9999 -9999 -9999 -9999 -9999 -9999 -9999 -9999 -9999 -9999 -9999 3 3 2 3 3 2 3 3 3 3 3 3 3 3 3 3 1 3 3 3 3 3 3 3 3 3 3 2 2 2 2 2 2 2 2 3 1 3 3 2 3 3 3 1 2 2 2 2 2 3 3 3 3 2 3 2 3 1 3 -9999 -9999 -9999 -9999 -9999 -9999 -9999 -9999 -9999 -9999 -9999 -9999 -9999 -9999 -9999 -9999 -9999 -9999 -9999 -9999 -9999 -9999 -9999 -9999 
-9999 -9999 -9999 -9999 -9999 -9999 -9999 -9999 -9999 -9999 -9999 -9999 -9999 -9999 -9999 -9999 -9999 3 3 3 3 2 2 2 2 3 3 3 3 3 3 3 3 3 3 3 3 3 3 2 3 3 3 3 2 2 2 2 3 3 3 3 3 3 3 1 1 3 3 3 3 3 1 2 3 3 3 3 3 3 2 2 3 1 1 1 -9999 -9999 -9999 -9999 -9999 -9999 -9999 -9999 -9999 -9999 -9999 -9999 -9999 -9999 -9999 -9999 -9999 -9999 -9999 -9999 -9999 -9999 -9999 -9999 
-9999 -9999 -9999 -9999 -9999 -9999 -9999 -9999 -9999 -9999 -9999 -9999 -9999 -9999 -9999 -9999 -9999 -9999 3 2 3 2 3 2 2 3 2 2 3 3 3 3 3 3 3 3 3 3 2 3 3 3 3 3 3 3 3 3 2 3 3 3 2 2 3 3 3 3 3 3 3 3 2 2 2 2 2 3 3 3 2 2 3 1 1 1 1 -9999 -9999 -9999 -9999 -9999 -9999 -9999 -9999 -9999 -9999 -9999 -9999 -9999 -9999 -9999 -9999 -9999 -9999 -9999 -9999 -9999 -9999 -9999 
-9999 -9999 -9999 -9999 -9999 -9999 -9999 -9999 -9999 -9999 -9999 -9999 -9999 -9999 -9999 -9999 -9999 -9999 2 2 3 3 3 2 3 3 3 2 2 3 3 3 3 3 3 3 3 3 3 2 2 2 3 3 3 3 3 3 3 1 1 3 3 2 3 1 3 2 3 2 2 3 3 3 3 2 2 3 3 2 3 3 2 1 1 1 1 -9999 -9999 -9999 -9999 -9999 -9999 -9999 -9999 -9999 -9999 -9999 -9999 -9999 -9999 -9999 -9999 -9999 -9999 -9999 -9999 -9999 -9999 -9999 
-9999 -9999 -9999 -9999 -9999 -9999 -9999 -9999 -9999 -9999 -9999 -9999 -9999 -9999 -9999 -9999 -9999 -9999 2 2 2 3 3 3 3 2 3 2 2 2 3 3 3 2 3 3 2 3 3 3 2 2 3 3 1 3 3 3 1 1 1 1 1 3 1 2 3 3 3 2 2 2 2 2 3 3 2 2 2 3 2 3 1 1 1 1 3 -9999 -9999 -9999 -9999 -9999 -9999 -9999 -9999 -9999 -9999 -9999 -9999 -9999 -9999 -9999 -9999 -9999 -9999 -9999 -9999 -9999 -9999 -9999 
-9999 -9999 -9999 -9999 -9999 -9999 -9999 -9999 -9999 -9999 -9999 -9999 -9999 -9999 -9999 -9999 -9999 -9999 2 2 3 3 3 3 3 3 2 2 2 3 3 3 3 2 3 3 2 3 3 3 2 2 3 1 1 3 3 1 1 1 1 1 1 1 1 2 3 1 3 2 3 3 2 2 3 3 2 2 3 2 2 2 2 3 1 1 1 -9999 -9999 -9999 -9999 -9999 -9999 -9999 -9999 -9999 -9999 -9999 -9999 -9999 -9999 -9999 -9999 -9999 -9999 -9999 -9999 -9999 -9999 -9999 
-9999 -9999 -9999 -9999 -9999 -9999 -9999 -9999 -9999 -9999 -9999 -9999 -9999 -9999 -9999 -9999 -9999 -9999 3 2 2 3 3 3 3 3 3 3 3 3 3 2 2 3 3 3 3 3 3 3 2 3 2 3 3 3 1 1 3 3 1 1 3 3 1 3 3 1 3 2 2 3 3 3 3 2 3 2 2 2 3 2 2 2 3 1 1 -9999 -9999 -9999 -9999 -9999 -9999 -9999 -9999 -9999 -9999 -9999 -9999 -9999 -9999 -9999 -9999 -9999 -9999 -9999 -9999 -9999 -9999 -9999 
-9999 -9999 -9999 -9999 -9999 -9999 -9999 -9999 -9999 -9999 -9999 -9999 -9999 -9999 -9999 -9999 -9999 -9999 3 2 2 3 3 2 2 3 3 3 3 3 3 2 2 3 3 3 3 2 2 2 2 3 2 3 3 3 3 1 1 3 1 3 3 1 1 1 3 1 3 2 2 2 2 2 3 1 3 2 3 3 3 3 2 3 3 3 1 1 -9999 -9999 -9999 -9999 -9999 -9999 -9999 -9999 -9999 -9999 -9999 -9999 -9999 -9999 -9999 -9999 -9999 -9999 -9999 -9999 -9999 -9999 
-9999 -9999 -9999 -9999 -9999 -9999 -9999 -9999 -9999 -9999 -9999 -9999 -9999 -9999 -9999 -9999 -9999 -9999 2 2 3 2 3 3 2 2 3 3 3 3 3 2 1 3 3 3 3 2 2 2 3 3 2 2 2 2 3 3 3 3 1 3 3 3 3 1 1 1 2 2 2 2 2 2 1 1 1 1 3 3 3 3 3 3 2 2 1 1 -9999 -9999 -9999 -9999 -9999 -9999 -9999 -9999 -9999 -9999 -9999 -9999 -9999 -9999 -9999 -9999 -9999 -9999 -9999 -9999 -9999 -9999 
-9999 -9999 -9999 -9999 -9999 -9999 -9999 -9999 -9999 -9999 -9999 -9999 -9999 -9999 -9999 -9999 -9999 -9999 3 3 3 3 3 3 3 2 2 3 3 3 3 3 3 3 3 3 3 3 2 3 3 2 2 2 3 2 3 3 1 1 3 3 3 3 3 3 3 3 3 2 2 3 2 2 3 1 1 1 1 1 3 3 1 1 1 2 2 2 -9999 -9999 -9999 -9999 -9999 -9999 -9999 -9999 -9999 -9999 -9999 -9999 -9999 -9999 -9999 -9999 -9999 -9999 -9999 -9999 -9999 -9999 
-9999 -9999 -9999 -9999 -9999 -9999 -9999 -9999 -9999 -9999 -9999 -9999 -9999 -9999 -9999 -9999 -9999 -9999 3 1 3 3 3 3 3 3 3 2 2 3 3 3 3 3 3 3 3 3 2 2 3 3 2 2 3 2 3 3 1 3 3 3 3 1 1 3 3 3 1 2 3 3 1 2 3 3 3 1 1 1 1 1 1 3 2 2 2 3 -9999 -9999 -9999 -9999 -9999 -9999 -9999 -9999 -9999 -9999 -9999 -9999 -9999 -9999 -9999 -9999 -9999 -9999 -9999 -9999 -9999 -9999 
-9999 -9999 -9999 -9999 -9999 -9999 -9999 -9999 -9999 -9999 -9999 -9999 -9999 -9999 -9999 -9999 -9999 3 3 3 3 3 3 2 2 3 3 2 2 3 1 3 3 3 3 3 3 3 2 3 3 2 2 2 2 3 3 3 3 1 3 3 3 3 3 3 3 3 3 3 3 3 3 1 1 3 3 1 1 1 1 1 1 3 2 2 2 2 -9999 -9999 -9999 -9999 -9999 -9999 -9999 -9999 -9999 -9999 -9999 -9999 -9999 -9999 -9999 -9999 -9999 -9999 -9999 -9999 -9999 -9999 
-9999 -9999 -9999 -9999 -9999 -9999 -9999 -9999 -9999 -9999 -9999 -9999 -9999 -9999 -9999 -9999 -9999 2 3 3 3 3 3 3 2 2 3 3 3 3 3 3 3 1 3 3 3 2 2 2 3 2 2 3 2 3 3 3 3 1 1 3 3 3 1 1 1 1 3 2 2 3 3 2 3 3 1 3 1 3 2 3 1 1 3 2 2 2 -9999 -9999 -9999 -9999 -9999 -9999 -9999 -9999 -9999 -9999 -9999 -9999 -9999 -9999 -9999 -9999 -9999 -9999 -9999 -9999 -9999 -9999 
-9999 -9999 -9999 -9999 -9999 -9999 -9999 -9999 -9999 -9999 -9999 -9999 -9999 -9999 -9999 -9999 2 3 3 2 2 2 2 2 3 3 3 3 2 3 2 3 3 3 2 3 2 2 2 2 2 3 2 2 2 2 3 3 1 1 1 1 1 1 1 1 1 1 2 2 2 2 3 3 2 1 3 1 1 3 2 3 2 1 2 3 2 2 -9999 -9999 -9999 -9999 -9999 -9999 -9999 -9999 -9999 -9999 -9999 -9999 -9999 -9999 -9999 -9999 -9999 -9999 -9999 -9999 -9999 -9999 
-9999 -9999 -9999 -9999 -9999 -9999 -9999 -9999 -9999 -9999 -9999 -9999 -9999 -9999 -9999 2 3 3 3 3 2 3 2 3 3 3 3 3 3 3 2 1 3 3 2 2 2 2 3 3 2 2 2 2 2 2 2 3 3 3 1 1 1 3 1 1 1 3 2 2 3 2 3 3 2 1 2 2 1 1 3 2 3 3 1 1 3 2 -9999 -9999 -9999 -9999 -9999 -9999 -9999 -9999 -9999 -9999 -9999 -9999 -9999 -9999 -9999 -9999 -9999 -9999 -9999 -9999 -9999 -9999 
-9999 -9999 -9999 -9999 -9999 -9999 -9999 -9999 -9999 -9999 -9999 -9999 -9999 -9999 2 2 3 3 3 2 3 3 3 3 3 3 3 3 3 3 3 3 3 3 2 3 3 2 2 2 2 2 3 2 2 2 2 2 2 3 3 3 3 1 3 3 1 3 3 3 3 3 2 2 2 2 2 2 3 1 3 2 2 1 3 2 3 2 -9999 -9999 -9999 -9999 -9999 -9999 -9999 -9999 -9999 -9999 -9999 -9999 -9999 -9999 -9999 -9999 -9999 -9999 -9999 -9999 -9999 -9999 
-9999 -9999 -9999 -9999 -9999 -9999 -9999 -9999 -9999 -9999 -9999 -9999 2 2 2 2 2 2 2 2 3 3 3 3 3 3 3 3 3 3 3 3 3 3 3 3 3 3 2 2 2 2 3 2 2 2 2 2 2 3 2 2 2 3 3 3 1 3 3 3 3 3 2 2 3 2 2 2 2 2 2 2 3 1 3 3 3 2 -9999 -9999 -9999 -9999 -9999 -9999 -9999 -9999 -9999 -9999 -9999 -9999 -9999 -9999 -9999 -9999 -9999 -9999 -9999 -9999 -9999 -9999 
-9999 -9999 -9999 -9999 -9999 -9999 -9999 -9999 -9999 -9999 -9999 2 1 3 2 3 2 2 2 2 2 3 3 2 2 2 2 3 3 1 1 3 1 1 3 3 3 2 2 2 2 2 2 2 2 2 2 2 2 2 3 2 2 3 3 3 3 3 2 3 1 1 2 2 3 3 2 2 2 2 1 2 1 1 2 2 3 -9999 -9999 -9999 -9999 -9999 -9999 -9999 -9999 -9999 -9999 -9999 -9999 -9999 -9999 -9999 -9999 -9999 -9999 -9999 -9999 -9999 -9999 -9999 
-9999 -9999 -9999 -9999 -9999 -9999 -9999 -9999 -9999 -9999 2 2 1 2 3 3 2 2 2 2 1 1 3 3 2 2 3 1 1 3 1 1 1 3 3 3 3 2 2 2 3 2 2 2 3 3 3 2 3 3 3 3 3 3 3 2 3 2 3 1 3 1 2 2 3 3 3 2 3 1 1 1 1 3 3 2 2 -9999 -9999 -9999 -9999 -9999 -9999 -9999 -9999 -9999 -9999 -9999 -9999 -9999 -9999 -9999 -9999 -9999 -9999 -9999 -9999 -9999 -9999 -9999 
-9999 -9999 -9999 -9999 -9999 -9999 -9999 -9999 -9999 2 1 3 1 1 3 3 1 2 2 3 1 1 1 1 1 1 1 1 1 1 1 1 1 3 3 3 1 3 3 2 2 2 2 2 2 3 2 2 3 3 3 3 3 1 1 2 2 3 1 2 2 2 2 2 3 2 3 3 1 1 1 1 1 1 3 3 2 -9999 -9999 -9999 -9999 -9999 -9999 -9999 -9999 -9999 -9999 -9999 -9999 -9999 -9999 -9999 -9999 -9999 -9999 -9999 -9999 -9999 -9999 -9999 
-9999 -9999 -9999 -9999 -9999 -9999 -9999 -9999 2 2 3 1 3 2 2 2 1 1 2 2 1 1 1 1 1 1 1 1 1 1 1 1 1 1 3 3 1 3 3 2 2 2 2 2 3 3 2 2 2 2 3 3 2 2 1 2 2 3 3 3 2 2 2 2 2 2 2 3 3 3 1 1 3 3 3 3 3 -9999 -9999 -9999 -9999 -9999 -9999 -9999 -9999 -9999 -9999 -9999 -9999 -9999 -9999 -9999 -9999 -9999 -9999 -9999 -9999 -9999 -9999 -9999 
-9999 -9999 -9999 -9999 -9999 -9999 -9999 2 3 2 2 3 1 3 2 3 1 1 1 1 1 1 3 1 1 1 1 1 1 1 1 3 1 1 3 3 3 1 3 3 3 3 3 3 2 2 2 2 3 2 3 3 2 2 3 2 3 3 3 3 2 2 3 2 2 2 2 3 3 1 1 3 1 1 3 3 1 -9999 -9999 -9999 -9999 -9999 -9999 -9999 -9999 -9999 -9999 -9999 -9999 -9999 -9999 -9999 -9999 -9999 -9999 -9999 -9999 -9999 -9999 -9999 
-9999 -9999 -9999 -9999 -9999 -9999 -9999 2 3 3 2 1 3 2 2 2 3 3 1 1 1 1 1 3 3 3 3 1 1 1 1 1 1 1 1 3 3 1 1 1 1 2 2 3 2 2 2 2 2 3 3 3 3 3 3 3 3 3 3 3 3 3 3 2 2 2 2 3 3 3 1 3 3 1 3 3 1 -9999 -9999 -9999 -9999 -9999 -9999 -9999 -9999 -9999 -9999 -9999 -9999 -9999 -9999 -9999 -9999 -9999 -9999 -9999 -9999 -9999 -9999 -9999 
-9999 -9999 -9999 -9999 -9999 -9999 2 3 3 1 3 1 1 1 3 3 3 3 1 1 1 1 1 1 1 1 3 1 1 1 1 1 1 1 3 3 3 3 1 1 1 2 3 3 3 2 2 2 3 2 2 3 3 3 3 3 3 3 3 3 3 3 3 3 2 1 3 2 2 2 3 3 3 3 1 3 1 1 -9999 -9999 -9999 -9999 -9999 -9999 -9999 -9999 -9999 -9999 -9999 -9999 -9999 -9999 -9999 -9999 -9999 -9999 -9999 -9999 -9999 -9999 
-9999 -9999 -9999 -9999 -9999 -9999 2 3 3 1 2 1 3 3 3 2 1 3 1 1 1 1 1 1 1 1 3 1 3 1 1 1 1 1 1 3 3 3 3 1 3 3 3 1 3 2 2 2 2 3 2 2 3 3 3 2 3 3 3 3 3 3 3 2 3 3 1 3 2 2 2 3 2 2 2 3 1 1 -9999 -9999 -9999 -9999 -9999 -9999 -9999 -9999 -9999 -9999 -9999 -9999 -9999 -9999 -9999 -9999 -9999 -9999 -9999 -9999 -9999 -9999 
-9999 -9999 -9999 -9999 -9999 2 3 3 3 3 1 1 1 1 3 2 3 3 3 3 3 1 1 1 1 1 1 1 3 1 1 1 1 1 3 1 3 3 2 1 1 2 2 3 1 3 2 3 3 2 3 3 3 3 3 3 3 3 3 3 1 1 3 2 3 2 2 2 2 3 2 2 2 2 2 2 1 1 3 -9999 -9999 -9999 -9999 -9999 -9999 -9999 -9999 -9999 -9999 -9999 -9999 -9999 -9999 -9999 -9999 -9999 -9999 -9999 -9999 -9999 
-9999 -9999 -9999 -9999 -9999 2 3 3 3 3 1 1 3 3 3 1 3 3 3 2 3 3 1 3 1 1 1 1 1 1 1 1 1 3 1 3 1 3 3 3 3 2 3 3 3 3 2 2 2 2 2 2 3 3 3 3 3 3 3 3 3 3 3 2 2 2 3 2 2 3 2 2 2 3 2 2 1 3 1 2 -9999 -9999 -9999 -9999 -9999 -9999 -9999 -9999 -9999 -9999 -9999 -9999 -9999 -9999 -9999 -9999 -9999 -9999 -9999 -9999 
-9999 -9999 -9999 -9999 -9999 -9999 2 3 3 3 3 3 3 3 3 3 3 3 3 1 1 3 3 2 3 3 1 1 1 1 1 3 1 1 3 3 3 3 3 3 3 2 3 3 1 1 2 3 3 3 3 3 3 3 3 2 2 3 3 3 3 3 3 2 2 2 3 2 2 2 2 2 2 3 3 1 2 2 3 3 -9999 -9999 -9999 -9999 -9999 -9999 -9999 -9999 -9999 -9999 -9999 -9999 -9999 -9999 -9999 -9999 -9999 -9999 -9999 -9999 
-9999 -9999 -9999 -9999 -9999 -9999 2 3 3 3 3 3 3 3 3 3 3 2 2 3 1 3 2 2 2 2 3 1 1 1 3 1 3 3 1 1 3 1 3 3 3 3 3 3 1 1 1 1 3 3 3 3 3 3 3 2 2 3 3 3 3 3 3 3 2 3 3 2 2 2 2 2 2 2 2 3 2 2 3 1 3 -9999 -9999 -9999 -9999 -9999 -9999 -9999 -9999 -9999 -9999 -9999 -9999 -9999 -9999 -9999 -9999 -9999 -9999 -9999 
-9999 -9999 -9999 -9999 -9999 -9999 3 3 3 3 2 2 1 3 3 3 3 2 2 3 3 3 3 3 3 3 1 1 1 1 1 1 3 3 3 3 1 3 3 3 3 2 2 3 3 3 1 1 1 1 3 3 3 3 3 2 2 2 3 2 2 2 2 2 2 2 3 2 2 2 2 2 2 2 2 3 2 2 2 3 1 -9999 -9999 -9999 -9999 -9999 -9999 -9999 -9999 -9999 -9999 -9999 -9999 -9999 -9999 -9999 -9999 -9999 -9999 -9999 
-9999 -9999 -9999 -9999 -9999 -9999 3 2 3 3 2 2 1 1 3 3 3 2 2 3 1 1 3 3 3 3 1 1 1 1 1 1 1 3 1 1 3 3 3 3 3 1 3 3 1 3 3 1 1 3 3 3 3 2 3 3 3 1 3 2 2 2 2 2 2 3 1 2 2 3 2 2 3 3 1 2 2 2 3 2 3 3 -9999 -9999 -9999 -9999 -9999 -9999 -9999 -9999 -9999 -9999 -9999 -9999 -9999 -9999 -9999 -9999 -9999 -9999 
-9999 -9999 -9999 -9999 -9999 -9999 2 2 3 3 2 2 3 1 3 3 3 2 2 3 3 3 1 3 3 3 1 1 1 1 1 1 1 1 3 1 1 3 3 3 3 1 3 3 3 3 1 1 1 1 1 3 3 3 2 3 3 3 2 3 2 2 3 3 2 2 3 2 2 3 3 2 3 1 1 2 2 2 2 3 2 2 3 -9999 -9999 -9999 -9999 -9999 -9999 -9999 -9999 -9999 -9999 -9999 -9999 -9999 -9999 -9999 -9999 -9999 
-9999 -9999 -9999 -9999 -9999 -9999 -9999 2 2 3 2 2 3 1 1 3 2 3 3 3 1 3 1 1 1 3 3 3 3 1 1 1 1 1 2 2 1 3 3 3 3 3 3 3 3 3 1 1 1 3 3 3 3 2 2 3 3 3 3 1 1 3 3 3 1 2 2 2 3 3 3 2 3 1 1 1 3 3 2 2 3 2 2 -9999 -9999 -9999 -9999 -9999 -9999 -9999 -9999 -9999 -9999 -9999 -9999 -9999 -9999 -9999 -9999 -9999 
-9999 -9999 -9999 -9999 -9999 -9999 -9999 2 3 3 2 1 3 1 3 3 3 3 3 3 3 1 1 3 3 3 3 3 1 3 3 1 1 1 1 3 3 1 3 1 3 3 3 3 3 3 3 3 3 3 3 3 3 3 2 3 3 3 1 1 3 3 2 1 3 2 2 2 3 2 3 2 3 1 1 3 3 2 2 2 2 2 2 2 -9999 -9999 -9999 -9999 -9999 -9999 -9999 -9999 -9999 -9999 -9999 -9999 -9999 -9999 -9999 -9999 
-9999 -9999 -9999 -9999 -9999 -9999 -9999 2 3 3 2 2 3 1 1 3 3 3 2 2 3 3 3 3 1 3 3 2 3 3 1 3 1 1 1 3 1 1 1 1 3 3 3 3 3 3 3 3 3 3 3 2 2 3 2 3 2 2 1 3 2 2 3 1 1 3 3 3 2 2 2 2 3 3 1 2 3 3 2 3 3 2 2 2 3 -9999 -9999 -9999 -9999 -9999 -9999 -9999 -9999 -9999 -9999 -9999 -9999 -9999 -9999 -9999 
-9999 -9999 -9999 -9999 -9999 -9999 -9999 3 3 3 2 2 3 1 3 3 1 3 2 3 3 3 3 3 1 3 3 3 3 3 3 1 1 1 1 1 1 1 1 1 3 1 3 1 1 1 1 1 3 3 3 2 2 3 3 3 3 3 1 1 2 3 2 3 2 3 2 2 2 2 2 2 1 3 3 3 3 2 2 3 2 2 2 2 2 -9999 -9999 -9999 -9999 -9999 -9999 -9999 -9999 -9999 -9999 -9999 -9999 -9999 -9999 -9999 
-9999 -9999 -9999 -9999 -9999 -9999 -9999 -9999 3 2 2 3 3 1 1 2 1 1 3 3 3 2 3 2 2 3 1 1 1 1 1 1 3 3 1 1 1 3 1 1 3 3 3 1 1 1 1 1 3 3 3 3 2 2 3 3 3 1 1 1 3 2 2 3 3 1 2 2 3 3 2 2 2 3 3 3 3 1 2 3 2 2 2 3 2 -9999 -9999 -9999 -9999 -9999 -9999 -9999 -9999 -9999 -9999 -9999 -9999 -9999 -9999 -9999 
-9999 -9999 -9999 -9999 -9999 -9999 -9999 -9999 3 2 3 3 3 3 1 3 3 1 1 1 3 2 3 3 2 3 3 3 1 1 1 1 3 1 1 1 1 1 3 3 3 3 3 1 1 1 1 1 1 3 3 3 3 3 3 3 3 3 3 3 2 2 3 3 2 1 3 3 3 3 2 2 2 2 3 3 3 2 2 3 3 2 2 3 3 -9999 -9999 -9999 -9999 -9999 -9999 -9999 -9999 -9999 -9999 -9999 -9999 -9999 -9999 -9999 
-9999 -9999 -9999 -9999 -9999 -9999 -9999 -9999 3 2 3 2 3 1 1 1 1 3 3 3 3 3 2 3 2 3 3 3 1 3 1 1 1 3 1 1 1 1 1 3 3 1 3 3 1 1 1 1 1 1 1 1 3 3 3 3 1 3 2 3 2 2 3 3 2 2 3 3 3 3 3 3 3 2 3 2 2 2 3 2 2 2 2 2 -9999 -9999 -9999 -9999 -9999 -9999 -9999 -9999 -9999 -9999 -9999 -9999 -9999 -9999 -9999 -9999 
-9999 -9999 -9999 -9999 -9999 -9999 -9999 -9999 3 3 2 2 3 3 3 3 3 3 1 3 3 2 2 2 2 3 3 3 3 3 1 1 1 1 1 1 1 1 1 3 3 3 3 3 1 1 1 1 1 1 1 3 1 3 3 2 3 3 3 3 3 3 2 3 2 3 2 3 3 3 3 1 3 3 2 2 2 2 2 2 2 2 2 2 -9999 -9999 -9999 -9999 -9999 -9999 -9999 -9999 -9999 -9999 -9999 -9999 -9999 -9999 -9999 -9999 
-9999 -9999 -9999 -9999 -9999 -9999 -9999 -9999 3 3 3 3 3 3 3 3 3 3 3 3 3 3 2 3 2 3 3 3 3 3 3 2 3 1 1 1 1 1 1 3 3 2 3 2 2 1 1 1 1 1 3 1 1 3 2 2 2 3 3 2 2 2 3 3 3 1 3 3 2 2 3 3 2 2 2 2 2 2 2 2 3 2 2 2 -9999 -9999 -9999 -9999 -9999 -9999 -9999 -9999 -9999 -9999 -9999 -9999 -9999 -9999 -9999 -9999 
-9999 -9999 -9999 -9999 -9999 -9999 -9999 3 3 2 3 3 3 3 3 3 3 2 2 3 3 3 3 3 3 3 3 3 3 2 2 3 2 2 2 2 1 3 3 3 2 3 3 2 2 2 2 3 3 1 3 3 1 1 3 2 2 3 3 2 2 3 3 3 2 2 2 3 3 2 2 2 2 2 2 2 2 2 2 2 2 2 2 2 -9999 -9999 -9999 -9999 -9999 -9999 -9999 -9999 -9999 -9999 -9999 -9999 -9999 -9999 -9999 -9999 
-9999 -9999 -9999 -9999 -9999 -9999 -9999 3 3 3 2 3 2 3 3 3 2 2 2 2 2 3 3 2 2 3 2 3 3 3 3 3 3 3 3 2 2 3 3 3 3 3 3 2 3 2 2 3 3 3 3 1 3 1 1 2 3 2 2 2 3 3 3 2 2 2 2 3 3 3 2 2 2 3 3 2 2 2 2 2 3 3 2 2 -9999 -9999 -9999 -9999 -9999 -9999 -9999 -9999 -9999 -9999 -9999 -9999 -9999 -9999 -9999 -9999 
-9999 -9999 -9999 -9999 -9999 -9999 2 3 1 3 3 2 3 3 3 3 3 3 3 3 2 2 2 2 2 3 3 2 3 3 3 2 2 2 3 3 3 3 3 2 1 1 1 2 3 3 2 2 3 1 3 3 1 1 3 2 2 2 2 2 3 3 3 2 2 3 2 3 3 3 2 2 2 3 2 2 2 2 2 3 2 2 2 -9999 -9999 -9999 -9999 -9999 -9999 -9999 -9999 -9999 -9999 -9999 -9999 -9999 -9999 -9999 -9999 -9999 
-9999 -9999 -9999 -9999 -9999 3 2 2 2 2 2 2 2 2 3 2 2 3 3 3 3 2 2 2 2 2 3 3 3 2 2 2 2 2 2 3 3 3 3 3 3 2 3 3 2 3 2 2 3 3 1 1 3 3 3 2 2 2 2 2 3 3 3 3 2 3 3 3 3 3 3 2 2 3 2 2 2 3 2 2 2 2 2 -9999 -9999 -9999 -9999 -9999 -9999 -9999 -9999 -9999 -9999 -9999 -9999 -9999 -9999 -9999 -9999 -9999 
-9999 -9999 -9999 -9999 -9999 3 3 3 3 2 3 2 2 3 2 2 2 2 3 3 1 3 3 1 1 3 2 3 3 3 3 3 2 2 2 2 2 2 2 2 2 2 2 2 2 3 2 2 3 3 3 3 3 2 2 2 2 2 2 3 3 3 3 3 3 3 3 2 3 3 3 3 2 2 2 2 2 2 3 2 2 2 2 -9999 -9999 -9999 -9999 -9999 -9999 -9999 -9999 -9999 -9999 -9999 -9999 -9999 -9999 -9999 -9999 -9999 
-9999 -9999 -9999 -9999 3 3 2 3 3 3 2 2 2 2 2 2 2 3 3 3 3 3 3 2 2 2 3 3 3 2 3 2 2 2 2 2 2 2 2 2 2 2 2 2 2 2 2 2 2 2 2 2 2 2 2 2 2 2 3 3 3 3 3 3 3 3 3 3 3 3 3 3 3 2 2 2 2 2 3 2 2 2 2 -9999 -9999 -9999 -9999 -9999 -9999 -9999 -9999 -9999 -9999 -9999 -9999 -9999 -9999 -9999 -9999 -9999 
-9999 -9999 -9999 3 3 3 3 3 2 2 2 2 2 3 3 2 2 2 3 2 2 3 3 2 3 3 3 3 3 3 2 2 3 2 2 2 2 2 2 2 2 2 2 2 2 2 2 2 2 2 2 3 3 3 2 2 2 2 3 3 3 3 3 3 3 3 3 3 3 3 3 3 3 3 3 3 3 3 3 2 2 2 2 -9999 -9999 -9999 -9999 -9999 -9999 -9999 -9999 -9999 -9999 -9999 -9999 -9999 -9999 -9999 -9999 -9999 
-9999 -9999 2 2 3 3 2 2 3 3 2 2 2 2 3 2 2 2 2 2 3 3 1 2 3 2 3 3 2 2 2 2 2 3 2 2 2 3 3 2 3 2 2 2 2 2 2 3 3 2 3 2 2 2 3 2 2 2 3 3 3 3 3 3 3 3 3 2 3 3 2 3 3 1 1 3 1 3 3 2 3 2 -9999 -9999 -9999 -9999 -9999 -9999 -9999 -9999 -9999 -9999 -9999 -9999 -9999 -9999 -9999 -9999 -9999 -9999 
-9999 3 3 2 3 3 3 3 3 2 2 2 2 2 2 2 3 3 2 2 3 3 3 2 3 3 2 2 3 1 3 2 1 2 3 2 3 3 2 3 3 2 2 3 3 3 2 2 3 2 3 3 3 2 2 2 2 2 3 2 2 2 3 3 2 3 3 3 3 3 2 2 3 3 3 3 1 3 3 2 3 2 -9999 -9999 -9999 -9999 -9999 -9999 -9999 -9999 -9999 -9999 -9999 -9999 -9999 -9999 -9999 -9999 -9999 -9999 
-9999 3 2 3 3 3 1 2 2 2 3 2 2 2 2 2 2 2 2 2 3 2 2 2 2 2 2 3 2 3 2 3 1 3 3 3 3 3 3 2 3 3 3 2 2 2 3 3 3 3 3 3 2 2 2 2 2 2 3 2 3 3 3 3 2 3 3 3 3 3 2 3 2 3 3 1 1 3 3 2 2 2 -9999 -9999 -9999 -9999 -9999 -9999 -9999 -9999 -9999 -9999 -9999 -9999 -9999 -9999 -9999 -9999 -9999 -9999 
-9999 3 3 2 2 2 3 3 2 2 2 2 2 2 2 2 3 2 2 2 2 2 2 2 2 2 3 2 3 3 1 3 3 1 3 3 3 3 3 3 3 3 3 3 3 3 3 3 3 3 3 3 3 2 2 3 2 2 2 2 2 2 3 3 3 3 2 2 2 2 3 3 2 3 3 3 3 3 2 2 3 -9999 -9999 -9999 -9999 -9999 -9999 -9999 -9999 -9999 -9999 -9999 -9999 -9999 -9999 -9999 -9999 -9999 -9999 -9999 
-9999 3 3 2 3 3 2 2 3 2 2 3 3 3 3 2 2 2 2 2 2 3 2 2 2 2 2 3 3 1 3 2 2 3 3 3 4 3 3 3 3 2 3 3 3 3 3 3 3 3 3 3 3 3 2 2 2 2 2 2 2 2 2 2 3 3 3 3 3 2 2 2 2 2 3 3 3 3 2 3 -9999 -9999 -9999 -9999 -9999 -9999 -9999 -9999 -9999 -9999 -9999 -9999 -9999 -9999 -9999 -9999 -9999 -9999 -9999 -9999 
-9999 3 3 2 2 3 3 2 2 2 1 3 3 3 2 3 2 2 2 2 2 3 2 2 2 2 2 3 3 2 3 2 2 2 2 3 1 3 2 3 3 3 2 3 3 3 3 3 3 3 3 3 3 2 3 2 2 2 2 2 2 2 4 2 3 3 3 3 3 2 2 3 2 2 3 3 3 2 2 -9999 -9999 -9999 -9999 -9999 -9999 -9999 -9999 -9999 -9999 -9999 -9999 -9999 -9999 -9999 -9999 -9999 -9999 -9999 -9999 -9999 
-9999 1 3 3 2 2 2 2 2 2 2 2 2 2 3 3 2 2 2 2 2 3 3 3 3 2 2 3 2 2 2 2 2 2 2 2 2 2 2 2 2 2 3 3 3 3 2 3 3 3 2 3 3 2 3 2 2 2 2 2 2 2 2 2 2 2 2 2 2 2 2 3 2 2 3 3 3 2 -9999 -9999 -9999 -9999 -9999 -9999 -9999 -9999 -9999 -9999 -9999 -9999 -9999 -9999 -9999 -9999 -9999 -9999 -9999 -9999 -9999 -9999 
-9999 -9999 2 2 2 2 3 2 2 2 2 2 2 2 3 3 3 2 2 2 2 2 2 3 3 3 2 2 2 2 2 2 2 2 2 2 2 2 2 2 3 2 2 2 3 3 2 2 2 2 2 3 2 3 3 3 3 2 2 2 2 2 2 2 2 2 2 2 3 2 2 2 3 3 3 3 3 3 -9999 -9999 -9999 -9999 -9999 -9999 -9999 -9999 -9999 -9999 -9999 -9999 -9999 -9999 -9999 -9999 -9999 -9999 -9999 -9999 -9999 -9999 
-9999 -9999 3 3 2 2 2 2 2 2 2 2 2 2 2 2 3 3 3 3 2 2 2 2 2 3 3 2 2 2 2 2 2 2 2 2 2 2 2 2 2 2 2 3 3 3 2 2 2 2 2 2 3 2 3 3 3 3 2 2 2 2 2 2 2 2 2 2 2 3 2 3 3 3 3 3 3 3 -9999 -9999 -9999 -9999 -9999 -9999 -9999 -9999 -9999 -9999 -9999 -9999 -9999 -9999 -9999 -9999 -9999 -9999 -9999 -9999 -9999 -9999 
-9999 -9999 2 2 2 2 2 3 2 2 2 2 2 3 2 2 3 3 2 3 3 3 2 2 2 2 2 2 2 2 2 2 3 2 2 2 2 2 2 2 2 2 3 2 3 3 2 2 2 2 2 2 2 2 2 3 3 3 2 2 2 2 2 3 2 3 3 2 2 3 2 3 3 3 3 3 2 -9999 -9999 -9999 -9999 -9999 -9999 -9999 -9999 -9999 -9999 -9999 -9999 -9999 -9999 -9999 -9999 -9999 -9999 -9999 -9999 -9999 -9999 -9999 
-9999 -9999 2 2 2 2 2 2 3 2 2 2 2 2 2 2 3 3 3 3 3 2 2 2 2 3 2 2 2 2 2 3 3 3 3 2 2 3 3 2 2 3 2 3 2 3 2 2 2 2 2 3 2 2 3 2 3 3 3 2 2 3 3 2 3 3 3 3 3 3 2 3 3 3 3 2 3 -9999 -9999 -9999 -9999 -9999 -9999 -9999 -9999 -9999 -9999 -9999 -9999 -9999 -9999 -9999 -9999 -9999 -9999 -9999 -9999 -9999 -9999 -9999 
-9999 -9999 2 2 2 2 2 2 2 2 2 2 2 2 2 2 2 3 3 3 3 3 3 3 3 3 2 3 2 3 2 3 3 2 2 2 3 3 3 3 3 3 2 2 2 2 2 2 2 2 2 2 2 2 2 3 3 3 3 3 3 3 3 3 3 3 3 3 2 3 2 3 3 3 3 3 -9999 -9999 -9999 -9999 -9999 -9999 -9999 -9999 -9999 -9999 -9999 -9999 -9999 -9999 -9999 -9999 -9999 -9999 -9999 -9999 -9999 -9999 -9999 -9999 
-9999 -9999 -9999 3 2 2 3 2 2 2 2 2 2 2 2 2 2 3 2 3 3 3 3 3 3 3 2 3 3 3 3 2 2 2 2 2 3 3 3 3 3 2 2 2 2 2 2 2 2 2 2 2 2 2 2 2 3 2 3 3 3 3 3 3 2 3 2 2 2 3 2 3 3 2 3 3 -9999 -9999 -9999 -9999 -9999 -9999 -9999 -9999 -9999 -9999 -9999 -9999 -9999 -9999 -9999 -9999 -9999 -9999 -9999 -9999 -9999 -9999 -9999 -9999 
-9999 -9999 -9999 3 3 2 2 2 2 2 2 2 2 2 2 2 2 2 3 3 3 3 3 3 3 3 3 3 3 3 3 2 2 2 2 3 3 3 3 2 3 2 2 2 2 2 2 2 2 2 2 2 2 2 2 2 2 3 3 3 3 2 2 2 2 2 2 3 3 2 2 2 2 3 2 3 3 -9999 -9999 -9999 -9999 -9999 -9999 -9999 -9999 -9999 -9999 -9999 -9999 -9999 -9999 -9999 -9999 -9999 -9999 -9999 -9999 -9999 -9999 -9999 
-9999 -9999 -9999 3 1 3 2 2 2 2 2 2 2 2 2 2 2 3 2 2 3 3 3 3 3 3 3 3 3 3 3 1 2 2 2 3 2 3 3 2 3 3 2 2 2 2 2 2 2 2 2 2 2 2 2 2 3 3 3 3 3 2 2 2 2 2 2 2 2 2 2 3 3 3 2 2 2 -9999 -9999 -9999 -9999 -9999 -9999 -9999 -9999 -9999 -9999 -9999 -9999 -9999 -9999 -9999 -9999 -9999 -9999 -9999 -9999 -9999 -9999 -9999 
-9999 -9999 -9999 1 3 3 2 2 2 2 3 2 2 2 3 2 2 2 2 3 3 3 3 3 2 3 3 3 3 3 3 3 3 3 3 2 2 2 3 2 2 2 2 4 2 2 2 2 2 2 2 2 2 2 2 2 3 3 3 3 3 3 3 3 2 2 2 2 2 3 3 3 3 3 3 2 2 3 -9999 -9999 -9999 -9999 -9999 -9999 -9999 -9999 -9999 -9999 -9999 -9999 -9999 -9999 -9999 -9999 -9999 -9999 -9999 -9999 -9999 -9999 
-9999 -9999 -9999 1 2 3 3 2 2 2 2 2 2 2 2 2 3 2 3 3 3 3 3 3 3 3 -9999 -9999 3 3 3 3 1 3 1 3 2 2 2 3 3 3 3 3 2 2 3 2 2 2 2 2 2 2 2 2 3 3 3 3 3 3 3 3 2 2 2 2 3 3 3 3 3 3 3 3 2 2 -9999 -9999 -9999 -9999 -9999 -9999 -9999 -9999 -9999 -9999 -9999 -9999 -9999 -9999 -9999 -9999 -9999 -9999 -9999 -9999 -9999 -9999 
-9999 -9999 -9999 -9999 1 3 2 2 2 2 2 2 2 3 2 2 2 3 3 3 2 3 3 -9999 -9999 -9999 -9999 -9999 -9999 3 3 2 2 2 3 1 2 2 2 2 2 2 2 3 2 3 3 3 3 2 2 2 2 2 2 2 3 3 2 3 3 3 3 3 2 2 2 3 3 3 3 3 3 3 3 2 2 2 -9999 -9999 -9999 -9999 -9999 -9999 -9999 -9999 -9999 -9999 -9999 -9999 -9999 -9999 -9999 -9999 -9999 -9999 -9999 -9999 -9999 -9999 
-9999 -9999 -9999 1 1 3 3 3 2 2 2 2 2 2 2 2 2 2 2 2 -9999 -9999 -9999 -9999 -9999 -9999 -9999 -9999 -9999 -9999 -9999 3 2 2 2 1 3 2 2 2 2 2 2 2 3 3 3 3 3 3 2 2 2 2 3 3 3 2 2 3 3 3 3 3 3 2 2 2 2 2 2 2 3 3 2 2 2 2 -9999 -9999 -9999 -9999 -9999 -9999 -9999 -9999 -9999 -9999 -9999 -9999 -9999 -9999 -9999 -9999 -9999 -9999 -9999 -9999 -9999 -9999 
-9999 -9999 3 1 1 1 2 2 3 2 2 2 2 2 2 2 2 -9999 -9999 -9999 -9999 -9999 -9999 -9999 -9999 -9999 -9999 -9999 -9999 -9999 -9999 -9999 3 2 3 1 1 1 2 2 2 2 2 2 2 3 3 3 3 3 2 2 2 2 2 3 3 2 3 3 3 3 3 3 3 3 2 3 3 3 3 3 3 3 2 2 2 2 -9999 -9999 -9999 -9999 -9999 -9999 -9999 -9999 -9999 -9999 -9999 -9999 -9999 -9999 -9999 -9999 -9999 -9999 -9999 -9999 -9999 -9999 
-9999 3 3 2 1 1 3 3 3 2 2 2 2 -9999 -9999 -9999 -9999 -9999 -9999 -9999 -9999 -9999 -9999 -9999 -9999 -9999 -9999 -9999 -9999 -9999 -9999 -9999 -9999 2 3 1 3 3 3 2 2 3 2 2 2 2 2 2 3 2 2 2 2 2 2 3 3 2 3 3 3 3 3 3 3 3 2 2 2 2 3 3 3 3 2 2 2 3 -9999 -9999 -9999 -9999 -9999 -9999 -9999 -9999 -9999 -9999 -9999 -9999 -9999 -9999 -9999 -9999 -9999 -9999 -9999 -9999 -9999 -9999 
-9999 3 2 3 3 3 2 3 3 1 -9999 -9999 -9999 -9999 -9999 -9999 -9999 -9999 -9999 -9999 -9999 -9999 -9999 -9999 -9999 -9999 -9999 -9999 -9999 -9999 -9999 -9999 -9999 -9999 2 3 1 1 2 2 2 2 3 3 2 2 3 3 3 2 3 3 3 3 3 2 2 2 2 3 3 3 3 3 3 3 3 3 3 3 3 3 3 3 2 2 3 3 -9999 -9999 -9999 -9999 -9999 -9999 -9999 -9999 -9999 -9999 -9999 -9999 -9999 -9999 -9999 -9999 -9999 -9999 -9999 -9999 -9999 -9999 
3 3 2 2 3 3 2 -9999 -9999 -9999 -9999 -9999 -9999 -9999 -9999 -9999 -9999 -9999 -9999 -9999 -9999 -9999 -9999 -9999 -9999 -9999 -9999 -9999 -9999 -9999 -9999 -9999 -9999 -9999 -9999 -9999 3 1 2 3 2 2 2 3 2 2 2 2 2 3 3 3 3 3 3 3 3 2 2 3 3 3 3 3 3 3 3 3 3 3 3 3 3 3 3 3 3 3 2 -9999 -9999 -9999 -9999 -9999 -9999 -9999 -9999 -9999 -9999 -9999 -9999 -9999 -9999 -9999 -9999 -9999 -9999 -9999 -9999 -9999 
3 2 3 2 -9999 -9999 -9999 -9999 -9999 -9999 -9999 -9999 -9999 -9999 -9999 -9999 -9999 -9999 -9999 -9999 -9999 -9999 -9999 -9999 -9999 -9999 -9999 -9999 -9999 -9999 -9999 -9999 -9999 -9999 -9999 -9999 -9999 3 3 3 3 3 3 2 3 2 2 3 3 3 3 2 3 2 2 3 3 2 3 3 3 3 3 3 3 3 3 3 3 3 3 3 3 3 2 3 2 2 2 -9999 -9999 -9999 -9999 -9999 -9999 -9999 -9999 -9999 -9999 -9999 -9999 -9999 -9999 -9999 -9999 -9999 -9999 -9999 -9999 -9999 
3 -9999 -9999 -9999 -9999 -9999 -9999 -9999 -9999 -9999 -9999 -9999 -9999 -9999 -9999 -9999 -9999 -9999 -9999 -9999 -9999 -9999 -9999 -9999 -9999 -9999 -9999 -9999 -9999 -9999 -9999 -9999 -9999 -9999 -9999 -9999 -9999 -9999 1 3 1 3 3 3 2 3 3 3 2 2 3 3 3 3 3 3 3 2 2 2 3 3 3 3 3 3 3 3 3 3 3 3 3 3 3 2 2 3 -9999 -9999 -9999 -9999 -9999 -9999 -9999 -9999 -9999 -9999 -9999 -9999 -9999 -9999 -9999 -9999 -9999 -9999 -9999 -9999 -9999 -9999 
-9999 -9999 -9999 -9999 -9999 -9999 -9999 -9999 -9999 -9999 -9999 -9999 -9999 -9999 -9999 -9999 -9999 -9999 -9999 -9999 -9999 -9999 -9999 -9999 -9999 -9999 -9999 -9999 -9999 -9999 -9999 -9999 -9999 -9999 -9999 -9999 -9999 -9999 -9999 -9999 3 3 3 3 3 2 2 2 2 3 2 2 3 2 3 3 2 2 2 2 2 2 3 3 3 3 3 3 3 3 3 3 2 3 2 2 2 -9999 -9999 -9999 -9999 -9999 -9999 -9999 -9999 -9999 -9999 -9999 -9999 -9999 -9999 -9999 -9999 -9999 -9999 -9999 -9999 -9999 -9999 -9999 
-9999 -9999 -9999 -9999 -9999 -9999 -9999 -9999 -9999 -9999 -9999 -9999 -9999 -9999 -9999 -9999 -9999 -9999 -9999 -9999 -9999 -9999 -9999 -9999 -9999 -9999 -9999 -9999 -9999 -9999 -9999 -9999 -9999 -9999 -9999 -9999 -9999 -9999 -9999 -9999 -9999 3 3 3 3 3 3 3 3 2 2 2 2 2 2 2 2 2 2 2 2 2 3 3 3 3 2 3 3 3 3 2 2 2 2 2 2 -9999 -9999 -9999 -9999 -9999 -9999 -9999 -9999 -9999 -9999 -9999 -9999 -9999 -9999 -9999 -9999 -9999 -9999 -9999 -9999 -9999 -9999 -9999 
-9999 -9999 -9999 -9999 -9999 -9999 -9999 -9999 -9999 -9999 -9999 -9999 -9999 -9999 -9999 -9999 -9999 -9999 -9999 -9999 -9999 -9999 -9999 -9999 -9999 -9999 -9999 -9999 -9999 -9999 -9999 -9999 -9999 -9999 -9999 -9999 -9999 -9999 -9999 -9999 -9999 -9999 3 3 3 3 3 2 2 2 2 3 2 2 2 2 2 2 2 3 3 3 3 3 3 2 2 3 2 3 2 2 3 3 2 2 -9999 -9999 -9999 -9999 -9999 -9999 -9999 -9999 -9999 -9999 -9999 -9999 -9999 -9999 -9999 -9999 -9999 -9999 -9999 -9999 -9999 -9999 -9999 -9999 
-9999 -9999 -9999 -9999 -9999 -9999 -9999 -9999 -9999 -9999 -9999 -9999 -9999 -9999 -9999 -9999 -9999 -9999 -9999 -9999 -9999 -9999 -9999 -9999 -9999 -9999 -9999 -9999 -9999 -9999 -9999 -9999 -9999 -9999 -9999 -9999 -9999 -9999 -9999 -9999 -9999 -9999 -9999 3 2 3 3 3 2 2 2 2 2 2 2 2 2 2 2 3 3 3 3 2 3 2 2 3 3 3 2 2 3 3 2 -9999 -9999 -9999 -9999 -9999 -9999 -9999 -9999 -9999 -9999 -9999 -9999 -9999 -9999 -9999 -9999 -9999 -9999 -9999 -9999 -9999 -9999 -9999 -9999 -9999 
-9999 -9999 -9999 -9999 -9999 -9999 -9999 -9999 -9999 -9999 -9999 -9999 -9999 -9999 -9999 -9999 -9999 -9999 -9999 -9999 -9999 -9999 -9999 -9999 -9999 -9999 -9999 -9999 -9999 -9999 -9999 -9999 -9999 -9999 -9999 -9999 -9999 -9999 -9999 -9999 -9999 -9999 -9999 -9999 -9999 3 3 2 3 2 2 2 2 2 2 2 2 3 2 3 2 2 2 2 2 2 2 3 3 3 3 2 2 2 -9999 -9999 -9999 -9999 -9999 -9999 -9999 -9999 -9999 -9999 -9999 -9999 -9999 -9999 -9999 -9999 -9999 -9999 -9999 -9999 -9999 -9999 -9999 -9999 -9999 -9999 
-9999 -9999 -9999 -9999 -9999 -9999 -9999 -9999 -9999 -9999 -9999 -9999 -9999 -9999 -9999 -9999 -9999 -9999 -9999 -9999 -9999 -9999 -9999 -9999 -9999 -9999 -9999 -9999 -9999 -9999 -9999 -9999 -9999 -9999 -9999 -9999 -9999 -9999 -9999 -9999 -9999 -9999 -9999 -9999 -9999 -9999 3 3 3 2 2 2 3 2 2 2 3 3 2 2 2 3 2 2 2 2 2 3 2 3 3 2 2 2 -9999 -9999 -9999 -9999 -9999 -9999 -9999 -9999 -9999 -9999 -9999 -9999 -9999 -9999 -9999 -9999 -9999 -9999 -9999 -9999 -9999 -9999 -9999 -9999 -9999 -9999 
-9999 -9999 -9999 -9999 -9999 -9999 -9999 -9999 -9999 -9999 -9999 -9999 -9999 -9999 -9999 -9999 -9999 -9999 -9999 -9999 -9999 -9999 -9999 -9999 -9999 -9999 -9999 -9999 -9999 -9999 -9999 -9999 -9999 -9999 -9999 -9999 -9999 -9999 -9999 -9999 -9999 -9999 -9999 -9999 -9999 -9999 -9999 3 3 3 2 2 2 2 2 2 2 2 2 2 2 2 2 2 2 2 2 3 2 2 3 2 2 -9999 -9999 -9999 -9999 -9999 -9999 -9999 -9999 -9999 -9999 -9999 -9999 -9999 -9999 -9999 -9999 -9999 -9999 -9999 -9999 -9999 -9999 -9999 -9999 -9999 -9999 -9999 
-9999 -9999 -9999 -9999 -9999 -9999 -9999 -9999 -9999 -9999 -9999 -9999 -9999 -9999 -9999 -9999 -9999 -9999 -9999 -9999 -9999 -9999 -9999 -9999 -9999 -9999 -9999 -9999 -9999 -9999 -9999 -9999 -9999 -9999 -9999 -9999 -9999 -9999 -9999 -9999 -9999 -9999 -9999 -9999 -9999 -9999 -9999 -9999 -9999 3 3 3 2 2 2 2 2 2 2 2 2 2 2 2 2 2 2 2 2 2 2 2 -9999 -9999 -9999 -9999 -9999 -9999 -9999 -9999 -9999 -9999 -9999 -9999 -9999 -9999 -9999 -9999 -9999 -9999 -9999 -9999 -9999 -9999 -9999 -9999 -9999 -9999 -9999 -9999 
-9999 -9999 -9999 -9999 -9999 -9999 -9999 -9999 -9999 -9999 -9999 -9999 -9999 -9999 -9999 -9999 -9999 -9999 -9999 -9999 -9999 -9999 -9999 -9999 -9999 -9999 -9999 -9999 -9999 -9999 -9999 -9999 -9999 -9999 -9999 -9999 -9999 -9999 -9999 -9999 -9999 -9999 -9999 -9999 -9999 -9999 -9999 -9999 -9999 -9999 3 3 2 2 2 2 2 2 2 2 2 2 2 2 2 2 2 2 2 2 2 2 -9999 -9999 -9999 -9999 -9999 -9999 -9999 -9999 -9999 -9999 -9999 -9999 -9999 -9999 -9999 -9999 -9999 -9999 -9999 -9999 -9999 -9999 -9999 -9999 -9999 -9999 -9999 -9999 
-9999 -9999 -9999 -9999 -9999 -9999 -9999 -9999 -9999 -9999 -9999 -9999 -9999 -9999 -9999 -9999 -9999 -9999 -9999 -9999 -9999 -9999 -9999 -9999 -9999 -9999 -9999 -9999 -9999 -9999 -9999 -9999 -9999 -9999 -9999 -9999 -9999 -9999 -9999 -9999 -9999 -9999 -9999 -9999 -9999 -9999 -9999 -9999 -9999 -9999 -9999 3 2 3 2 2 2 2 2 2 2 2 3 3 3 2 2 2 2 2 2 2 -9999 -9999 -9999 -9999 -9999 -9999 -9999 -9999 -9999 -9999 -9999 -9999 -9999 -9999 -9999 -9999 -9999 -9999 -9999 -9999 -9999 -9999 -9999 -9999 -9999 -9999 -9999 -9999 
-9999 -9999 -9999 -9999 -9999 -9999 -9999 -9999 -9999 -9999 -9999 -9999 -9999 -9999 -9999 -9999 -9999 -9999 -9999 -9999 -9999 -9999 -9999 -9999 -9999 -9999 -9999 -9999 -9999 -9999 -9999 -9999 -9999 -9999 -9999 -9999 -9999 -9999 -9999 -9999 -9999 -9999 -9999 -9999 -9999 -9999 -9999 -9999 -9999 -9999 -9999 -9999 -9999 3 2 2 2 2 2 2 2 2 2 2 3 2 2 3 3 2 2 2 -9999 -9999 -9999 -9999 -9999 -9999 -9999 -9999 -9999 -9999 -9999 -9999 -9999 -9999 -9999 -9999 -9999 -9999 -9999 -9999 -9999 -9999 -9999 -9999 -9999 -9999 -9999 -9999 
-9999 -9999 -9999 -9999 -9999 -9999 -9999 -9999 -9999 -9999 -9999 -9999 -9999 -9999 -9999 -9999 -9999 -9999 -9999 -9999 -9999 -9999 -9999 -9999 -9999 -9999 -9999 -9999 -9999 -9999 -9999 -9999 -9999 -9999 -9999 -9999 -9999 -9999 -9999 -9999 -9999 -9999 -9999 -9999 -9999 -9999 -9999 -9999 -9999 -9999 -9999 -9999 -9999 -9999 3 3 3 2 2 2 2 2 2 2 2 2 2 2 2 2 2 2 -9999 -9999 -9999 -9999 -9999 -9999 -9999 -9999 -9999 -9999 -9999 -9999 -9999 -9999 -9999 -9999 -9999 -9999 -9999 -9999 -9999 -9999 -9999 -9999 -9999 -9999 -9999 -9999 
-9999 -9999 -9999 -9999 -9999 -9999 -9999 -9999 -9999 -9999 -9999 -9999 -9999 -9999 -9999 -9999 -9999 -9999 -9999 -9999 -9999 -9999 -9999 -9999 -9999 -9999 -9999 -9999 -9999 -9999 -9999 -9999 -9999 -9999 -9999 -9999 -9999 -9999 -9999 -9999 -9999 -9999 -9999 -9999 -9999 -9999 -9999 -9999 -9999 -9999 -9999 -9999 -9999 -9999 -9999 3 3 3 2 2 2 2 2 2 2 2 2 2 2 2 2 2 -9999 -9999 -9999 -9999 -9999 -9999 -9999 -9999 -9999 -9999 -9999 -9999 -9999 -9999 -9999 -9999 -9999 -9999 -9999 -9999 -9999 -9999 -9999 -9999 -9999 -9999 -9999 -9999 
-9999 -9999 -9999 -9999 -9999 -9999 -9999 -9999 -9999 -9999 -9999 -9999 -9999 -9999 -9999 -9999 -9999 -9999 -9999 -9999 -9999 -9999 -9999 -9999 -9999 -9999 -9999 -9999 -9999 -9999 -9999 -9999 -9999 -9999 -9999 -9999 -9999 -9999 -9999 -9999 -9999 -9999 -9999 -9999 -9999 -9999 -9999 -9999 -9999 -9999 -9999 -9999 -9999 -9999 -9999 -9999 3 3 3 3 3 2 2 2 2 2 2 3 3 3 2 2 -9999 -9999 -9999 -9999 -9999 -9999 -9999 -9999 -9999 -9999 -9999 -9999 -9999 -9999 -9999 -9999 -9999 -9999 -9999 -9999 -9999 -9999 -9999 -9999 -9999 -9999 -9999 -9999 
-9999 -9999 -9999 -9999 -9999 -9999 -9999 -9999 -9999 -9999 -9999 -9999 -9999 -9999 -9999 -9999 -9999 -9999 -9999 -9999 -9999 -9999 -9999 -9999 -9999 -9999 -9999 -9999 -9999 -9999 -9999 -9999 -9999 -9999 -9999 -9999 -9999 -9999 -9999 -9999 -9999 -9999 -9999 -9999 -9999 -9999 -9999 -9999 -9999 -9999 -9999 -9999 -9999 -9999 -9999 -9999 -9999 -9999 3 3 2 2 2 2 2 2 2 3 3 3 2 2 -9999 -9999 -9999 -9999 -9999 -9999 -9999 -9999 -9999 -9999 -9999 -9999 -9999 -9999 -9999 -9999 -9999 -9999 -9999 -9999 -9999 -9999 -9999 -9999 -9999 -9999 -9999 -9999 
-9999 -9999 -9999 -9999 -9999 -9999 -9999 -9999 -9999 -9999 -9999 -9999 -9999 -9999 -9999 -9999 -9999 -9999 -9999 -9999 -9999 -9999 -9999 -9999 -9999 -9999 -9999 -9999 -9999 -9999 -9999 -9999 -9999 -9999 -9999 -9999 -9999 -9999 -9999 -9999 -9999 -9999 -9999 -9999 -9999 -9999 -9999 -9999 -9999 -9999 -9999 -9999 -9999 -9999 -9999 -9999 -9999 -9999 -9999 3 3 2 3 3 2 2 2 2 3 3 2 2 -9999 -9999 -9999 -9999 -9999 -9999 -9999 -9999 -9999 -9999 -9999 -9999 -9999 -9999 -9999 -9999 -9999 -9999 -9999 -9999 -9999 -9999 -9999 -9999 -9999 -9999 -9999 -9999 
-9999 -9999 -9999 -9999 -9999 -9999 -9999 -9999 -9999 -9999 -9999 -9999 -9999 -9999 -9999 -9999 -9999 -9999 -9999 -9999 -9999 -9999 -9999 -9999 -9999 -9999 -9999 -9999 -9999 -9999 -9999 -9999 -9999 -9999 -9999 -9999 -9999 -9999 -9999 -9999 -9999 -9999 -9999 -9999 -9999 -9999 -9999 -9999 -9999 -9999 -9999 -9999 -9999 -9999 -9999 -9999 -9999 -9999 -9999 -9999 3 2 2 3 2 2 2 2 2 2 3 2 -9999 -9999 -9999 -9999 -9999 -9999 -9999 -9999 -9999 -9999 -9999 -9999 -9999 -9999 -9999 -9999 -9999 -9999 -9999 -9999 -9999 -9999 -9999 -9999 -9999 -9999 -9999 -9999 
-9999 -9999 -9999 -9999 -9999 -9999 -9999 -9999 -9999 -9999 -9999 -9999 -9999 -9999 -9999 -9999 -9999 -9999 -9999 -9999 -9999 -9999 -9999 -9999 -9999 -9999 -9999 -9999 -9999 -9999 -9999 -9999 -9999 -9999 -9999 -9999 -9999 -9999 -9999 -9999 -9999 -9999 -9999 -9999 -9999 -9999 -9999 -9999 -9999 -9999 -9999 -9999 -9999 -9999 -9999 -9999 -9999 -9999 -9999 -9999 -9999 -9999 3 3 2 2 2 2 3 3 3 3 -9999 -9999 -9999 -9999 -9999 -9999 -9999 -9999 -9999 -9999 -9999 -9999 -9999 -9999 -9999 -9999 -9999 -9999 -9999 -9999 -9999 -9999 -9999 -9999 -9999 -9999 -9999 -9999 
-9999 -9999 -9999 -9999 -9999 -9999 -9999 -9999 -9999 -9999 -9999 -9999 -9999 -9999 -9999 -9999 -9999 -9999 -9999 -9999 -9999 -9999 -9999 -9999 -9999 -9999 -9999 -9999 -9999 -9999 -9999 -9999 -9999 -9999 -9999 -9999 -9999 -9999 -9999 -9999 -9999 -9999 -9999 -9999 -9999 -9999 -9999 -9999 -9999 -9999 -9999 -9999 -9999 -9999 -9999 -9999 -9999 -9999 -9999 -9999 -9999 -9999 -9999 3 3 2 2 2 2 2 2 -9999 -9999 -9999 -9999 -9999 -9999 -9999 -9999 -9999 -9999 -9999 -9999 -9999 -9999 -9999 -9999 -9999 -9999 -9999 -9999 -9999 -9999 -9999 -9999 -9999 -9999 -9999 -9999 -9999 
-9999 -9999 -9999 -9999 -9999 -9999 -9999 -9999 -9999 -9999 -9999 -9999 -9999 -9999 -9999 -9999 -9999 -9999 -9999 -9999 -9999 -9999 -9999 -9999 -9999 -9999 -9999 -9999 -9999 -9999 -9999 -9999 -9999 -9999 -9999 -9999 -9999 -9999 -9999 -9999 -9999 -9999 -9999 -9999 -9999 -9999 -9999 -9999 -9999 -9999 -9999 -9999 -9999 -9999 -9999 -9999 -9999 -9999 -9999 -9999 -9999 -9999 -9999 -9999 3 3 2 3 2 2 2 -9999 -9999 -9999 -9999 -9999 -9999 -9999 -9999 -9999 -9999 -9999 -9999 -9999 -9999 -9999 -9999 -9999 -9999 -9999 -9999 -9999 -9999 -9999 -9999 -9999 -9999 -9999 -9999 -9999 
-9999 -9999 -9999 -9999 -9999 -9999 -9999 -9999 -9999 -9999 -9999 -9999 -9999 -9999 -9999 -9999 -9999 -9999 -9999 -9999 -9999 -9999 -9999 -9999 -9999 -9999 -9999 -9999 -9999 -9999 -9999 -9999 -9999 -9999 -9999 -9999 -9999 -9999 -9999 -9999 -9999 -9999 -9999 -9999 -9999 -9999 -9999 -9999 -9999 -9999 -9999 -9999 -9999 -9999 -9999 -9999 -9999 -9999 -9999 -9999 -9999 -9999 -9999 -9999 -9999 -9999 3 3 2 3 -9999 -9999 -9999 -9999 -9999 -9999 -9999 -9999 -9999 -9999 -9999 -9999 -9999 -9999 -9999 -9999 -9999 -9999 -9999 -9999 -9999 -9999 -9999 -9999 -9999 -9999 -9999 -9999 -9999 -9999 
-9999 -9999 -9999 -9999 -9999 -9999 -9999 -9999 -9999 -9999 -9999 -9999 -9999 -9999 -9999 -9999 -9999 -9999 -9999 -9999 -9999 -9999 -9999 -9999 -9999 -9999 -9999 -9999 -9999 -9999 -9999 -9999 -9999 -9999 -9999 -9999 -9999 -9999 -9999 -9999 -9999 -9999 -9999 -9999 -9999 -9999 -9999 -9999 -9999 -9999 -9999 -9999 -9999 -9999 -9999 -9999 -9999 -9999 -9999 -9999 -9999 -9999 -9999 -9999 -9999 -9999 -9999 2 3 3 -9999 -9999 -9999 -9999 -9999 -9999 -9999 -9999 -9999 -9999 -9999 -9999 -9999 -9999 -9999 -9999 -9999 -9999 -9999 -9999 -9999 -9999 -9999 -9999 -9999 -9999 -9999 -9999 -9999 -9999 
-9999 -9999 -9999 -9999 -9999 -9999 -9999 -9999 -9999 -9999 -9999 -9999 -9999 -9999 -9999 -9999 -9999 -9999 -9999 -9999 -9999 -9999 -9999 -9999 -9999 -9999 -9999 -9999 -9999 -9999 -9999 -9999 -9999 -9999 -9999 -9999 -9999 -9999 -9999 -9999 -9999 -9999 -9999 -9999 -9999 -9999 -9999 -9999 -9999 -9999 -9999 -9999 -9999 -9999 -9999 -9999 -9999 -9999 -9999 -9999 -9999 -9999 -9999 -9999 -9999 -9999 -9999 -9999 3 -9999 -9999 -9999 -9999 -9999 -9999 -9999 -9999 -9999 -9999 -9999 -9999 -9999 -9999 -9999 -9999 -9999 -9999 -9999 -9999 -9999 -9999 -9999 -9999 -9999 -9999 -9999 -9999 -9999 -9999 -9999 
